300 14.238
300.5 15.6464
301 19.6409
301.5 24.721
302 27.1833
302.5 32.1899
303 41.9903
303.5 50.9789
304 53.3693
304.5 59.8225
305 71.0374
305.5 79.5506
306 81.4146
306.5 83.1755
307 96.8947
307.5 114.068
308 116.531
308.5 124.749
309 120.527
309.5 127.029
310 142.503
310.5 155.272
311 172.417
311.5 181.61
312 195.962
312.5 199.399
313 208.004
313.5 205.541
314 214.827
314.5 268.411
315 267.39
315.5 231.418
316 227.284
316.5 241.155
317 261.009
317.5 278.356
318 268.448
318.5 269.315
319 280.695
319.5 272.512
320 281.037
320.5 312.358
321 343.569
321.5 356.286
322 295.459
322.5 300.636
323 287.114
323.5 299.862
324 314.833
324.5 322.558
325 321.01
325.5 347.652
326 390.125
326.5 424.599
327 408.492
327.5 411.588
328 379.857
328.5 381.67
329 420.488
329.5 450.722
330 458.93
330.5 440.457
331 413.165
331.5 401.76
332 400.584
332.5 404.681
333 401.327
333.5 385.954
334 377.671
334.5 389.313
335 390.53
335.5 388.822
336 370.796
336.5 345.925
337 377.746
337.5 398.372
338 396.499
338.5 389.231
339 380.365
339.5 384.693
340 389.009
340.5 394.042
341 386.786
341.5 374.493
342 387.261
342.5 395.985
343 390.758
343.5 391.673
344 354.823
344.5 331.903
345 352.204
345.5 397.207
346 392.586
346.5 368.117
347 360.853
347.5 355.767
348 398.949
348.5 406.04
349 392.942
349.5 363.476
350 372.777
350.5 398.11
351 386.261
351.5 373.802
352 364.381
352.5 346.401
353 356.75
353.5 372.336
354 384.667
354.5 420.04
355 412.569
355.5 407.991
356 394.664
356.5 369.331
357 337.496
357.5 308.803
358 297.145
358.5 283.372
359 310.958
359.5 351.892
360 357.5
360.5 354.539
361 344.492
361.5 345.031
362 375.832
362.5 374.893
363 379.14
363.5 393.33
364 385.927
364.5 386.71
365 391.426
365.5 407.188
366 420.454
366.5 433.508
367 432.566
367.5 425.957
368 412.147
368.5 401.318
369 413.114
369.5 430.673
370 448.777
370.5 429.787
371 427.611
371.5 420.654
372 408.688
372.5 391.062
373 374.083
373.5 372.692
374 385.014
374.5 358.18
375 373.986
375.5 387.633
376 394.27
376.5 397.028
377 414.197
377.5 457.537
378 460.092
378.5 468.518
379 433.008
379.5 403.368
380 405.292
380.5 418.039
381 408.065
381.5 410.507
382 375.123
382.5 328.112
383 320.36
383.5 303.22
384 322.869
384.5 360.222
385 372.391
385.5 366.835
386 361.445
386.5 363.967
387 359.879
387.5 361.767
388 357.668
388.5 357.134
389 388.219
389.5 404.41
390 419.111
390.5 444.781
391 479.83
391.5 481.338
392 437.755
392.5 391.085
393 327.54
393.5 255.15
394 296.847
394.5 380.696
395 414.544
395.5 468.104
396 408.919
396.5 337.098
397 329.527
397.5 347.452
398 429.553
398.5 511.089
399 546.92
399.5 567.178
400 575.527
400.5 571.962
401 605.684
401.5 611.753
402 609.309
402.5 606.341
403 596.848
403.5 581.942
404 576.001
404.5 585.866
405 602.423
405.5 579.877
406 572.813
406.5 572.674
407 558.035
407.5 557.207
408 582.426
408.5 593.001
409 586.626
409.5 584.646
410 556.774
410.5 508.616
411 541.043
411.5 576.852
412 582.672
412.5 577.593
413 566.444
413.5 552.967
414 542.042
414.5 529.083
415 524.09
415.5 530.393
416 555.795
416.5 575.401
417 557.948
417.5 531.109
418 518.91
418.5 520.455
419 518.845
419.5 515.899
420 522.777
420.5 526.62
421 538.446
421.5 539.848
422 515.214
422.5 492.313
423 492.816
423.5 513.885
424 518.584
424.5 525.7
425 536.427
425.5 515.516
426 507.938
426.5 507.96
427 495.06
427.5 479.984
428 477.819
428.5 482.699
429 467.957
429.5 454.249
430 420.122
430.5 374.636
431 415.743
431.5 497.059
432 506.852
432.5 498.442
433 499.447
433.5 510.191
434 512.402
434.5 498.768
435 501.891
435.5 508.604
436 530.263
436.5 556.62
437 556.386
437.5 535.099
438 507.929
438.5 480.951
439 496.273
439.5 527.649
440 526.096
440.5 528.391
441 545.443
441.5 579.044
442 570.984
442.5 575.061
443 564.856
443.5 559.498
444 558.277
444.5 569.196
445 555.553
445.5 534.259
446 536.458
446.5 545.015
447 563.058
447.5 586.089
448 578.542
448.5 567.088
449 565.632
449.5 571.509
450 583.08
450.5 597.05
451 599.407
451.5 592.286
452 575.404
452.5 554.253
453 555.63
453.5 558.504
454 564.543
454.5 564.062
455 560.71
455.5 576.702
456 572.012
456.5 578.544
457 581.386
457.5 581.711
458 578.148
458.5 566.912
459 558.395
459.5 556.782
460 560.138
460.5 563.25
461 564.925
461.5 566.086
462 570.316
462.5 575.561
463 570.822
463.5 562.59
464 554.408
464.5 546.216
465 549.513
465.5 556.748
466 553.011
466.5 538.113
467 545.827
467.5 567.005
468 555.173
468.5 556.441
469 549.729
469.5 549.638
470 539.903
470.5 527.124
471 539.039
471.5 554.366
472 563.975
472.5 564.94
473 561.878
473.5 556.486
474 560.841
474.5 568.587
475 567.731
475.5 562.903
476 555.778
476.5 547.961
477 556.24
477.5 570.275
478 567.97
478.5 560.089
479 563.995
479.5 572.084
480 570.533
480.5 565.438
481 568.729
481.5 578.508
482 577.345
482.5 571.717
483 566.718
483.5 558.743
484 553.968
484.5 552.567
485 538.079
485.5 516.924
486 494.442
486.5 475.056
487 480.246
487.5 504.514
488 518.24
488.5 532.166
489 534.147
489.5 539.145
490 544.241
490.5 555.034
491 542.582
491.5 527.352
492 526.095
492.5 522.76
493 521.634
493.5 524.707
494 544.494
494.5 553.321
495 549.248
495.5 538.668
496 533.822
496.5 545.219
497 549.028
497.5 546.986
498 533.744
498.5 513.665
499 516.655
499.5 531.006
500 521.074
500.5 508.91
501 499.989
501.5 494.473
502 499.473
502.5 508.675
503 514.213
503.5 518.264
504 513.821
504.5 506.181
505 514.62
505.5 528.736
506 529.517
506.5 526.099
507 520.192
507.5 513.937
508 514.181
508.5 514.664
509 515.986
509.5 514.257
510 516.78
510.5 520.394
511 525.641
511.5 531.43
512 522.32
512.5 507.399
513 502.734
513.5 502.042
514 502.897
514.5 504.363
515 506.854
515.5 509.838
516 491.583
516.5 465.093
517 462.383
517.5 468.909
518 464.805
518.5 456.608
519 491.796
519.5 488.237
520 672.085
520.5 513.677
521 507.331
521.5 509.109
522 510.336
522.5 514.233
523 498.207
523.5 513.878
524 540.684
524.5 520.269
525 528.07
525.5 519.038
526 532.163
526.5 470.996
527 469.479
527.5 493.753
528 509.203
528.5 504.656
529 508.413
529.5 514.169
530 528.38
530.5 517.332
531 523.354
531.5 533.858
532 507.432
532.5 489.093
533 511.766
533.5 506.235
534 506.271
534.5 500.655
535 511.177
535.5 525
536 516.96
536.5 503.743
537 500.63
537.5 501.784
538 503.764
538.5 506.048
539 501.085
539.5 493.006
540 485.601
540.5 478.492
541 484.687
541.5 496.782
542 495.98
542.5 489.71
543 491.845
543.5 497.647
544 499.531
544.5 500.747
545 503.569
545.5 507.276
546 507.334
546.5 506.148
547 503.141
547.5 499.338
548 501.228
548.5 505.781
549 510.426
549.5 513.113
550 510.287
550.5 506.937
551 504.379
551.5 504.432
552 501.898
552.5 498.247
553 499.209
553.5 502.115
554 504.109
554.5 550.35
555 512.702
555.5 507.698
556 502.442
556.5 534.894
557 506.321
557.5 497.694
558 7620.18
558.5 498.872
559 522.915
559.5 491.207
560 509.325
560.5 545.685
561 499.095
561.5 497.421
562 510.661
562.5 546.435
563 504.173
563.5 505.703
564 515.193
564.5 526.812
565 501.539
565.5 495.878
566 496.557
566.5 510.426
567 514.795
567.5 512.165
568 508.798
568.5 500.541
569 501.526
569.5 507.376
570 508.482
570.5 493.508
571 494.591
571.5 500.468
572 507.248
572.5 515.019
573 516.307
573.5 515.176
574 514.187
574.5 513.431
575 511.198
575.5 507.058
576 507.018
576.5 508.704
577 510.091
577.5 511.307
578 506.592
578.5 498.992
579 500.079
579.5 505.33
580 508.138
580.5 509.785
581 511.771
581.5 513.847
582 516.255
582.5 518.772
583 518.605
583.5 517.152
584 517.071
584.5 517.571
585 512.239
585.5 504.038
586 504.865
586.5 554.358
587 649.022
587.5 540.299
588 507.322
588.5 495.825
589 1625.81
589.5 515.968
590 1065.49
590.5 511.644
591 536.386
591.5 613.939
592 499.625
592.5 554.226
593 504.01
593.5 648.047
594 500.053
594.5 494.091
595 540.278
595.5 662.559
596 498.308
596.5 501.947
597 532.795
597.5 497.267
598 564.653
598.5 492.095
599 492.049
599.5 493.805
600 512.686
600.5 527.583
601 488.849
601.5 489.359
602 487.402
602.5 484.168
603 502.631
603.5 513.298
604 497.354
604.5 496.348
605 495.175
605.5 493.98
606 493.378
606.5 493.155
607 503.451
607.5 493.059
608 492.127
608.5 490.485
609 489.966
609.5 490.043
610 494.79
610.5 489.593
611 484.199
611.5 488.744
612 487.332
612.5 482.846
613 479.687
613.5 477.185
614 521.316
614.5 517.513
615 482.498
615.5 493.193
616 489.162
616.5 463.501
617 548.035
617.5 476.901
618 508.737
618.5 497.366
619 482.415
619.5 501.851
620 481.444
620.5 553.843
621 481.705
621.5 502.299
622 476.44
622.5 558.965
623 475.795
623.5 618.112
624 699.443
624.5 580.476
625 485.53
625.5 461.022
626 748.498
626.5 591.56
627 497.544
627.5 472.831
628 490.161
628.5 465.41
629 689.118
629.5 462.423
630 5747.34
630.5 483.889
631 767.088
631.5 458.103
632 458.731
632.5 544.996
633 787.764
633.5 461.335
634 461.768
634.5 466.839
635 520.603
635.5 462.278
636 612.975
636.5 2198.87
637 461.893
637.5 461.614
638 500.939
638.5 461.236
639 536.705
639.5 459.585
640 457.47
640.5 455.36
641 453.153
641.5 484.938
642 490.677
642.5 453.175
643 455.977
643.5 453.871
644 454.288
644.5 454.51
645 454.814
645.5 464.666
646 472.682
646.5 535.038
647 607.765
647.5 567.709
648 484.815
648.5 440.825
649 439.378
649.5 443.737
650 816.221
650.5 574.424
651 448.667
651.5 478.297
652 446.215
652.5 520.748
653 448.861
653.5 720.092
654 446.142
654.5 547.244
655 442.038
655.5 737.337
656 424.272
656.5 478.378
657 490.241
657.5 407.048
658 705.417
658.5 443.963
659 435.347
659.5 439.793
660 493.69
660.5 563.955
661 443.836
661.5 443.68
662 444.75
662.5 442.119
663 470.012
663.5 493.541
664 441.571
664.5 441.822
665 442.21
665.5 444.601
666 439.518
666.5 462.184
667 457.566
667.5 435.731
668 436.042
668.5 436.321
669 436.623
669.5 435.469
670 446.747
670.5 444.982
671 432.035
671.5 433.694
672 431.644
672.5 436.199
673 431.549
673.5 428.13
674 440.625
674.5 440.517
675 427.75
675.5 424.934
676 424.702
676.5 424.469
677 425.252
677.5 423.75
678 423.095
678.5 430.043
679 432.761
679.5 421.212
680 420.744
680.5 423.094
681 419.827
681.5 419.121
682 422.491
682.5 417.406
683 960.186
683.5 847.882
684 449.851
684.5 512.758
685 418.343
685.5 423.107
686 411.389
686.5 1262.85
687 318.029
687.5 393.826
688 362.29
688.5 500.928
689 525.533
689.5 394.384
690 358.512
690.5 568.362
691 386.802
691.5 616.181
692 392.668
692.5 854.312
693 410.444
693.5 399.412
694 606.372
694.5 411.771
695 952.446
695.5 424.202
696 418.83
696.5 411.919
697 559.217
697.5 405.824
698 707.606
698.5 407.477
699 410.126
699.5 403.595
700 417.515
700.5 486.312
701 391.213
701.5 534.727
702 388.583
702.5 389.739
703 395.708
703.5 393.121
704 391.507
704.5 455.768
705 522.512
705.5 438.925
706 408.636
706.5 426.121
707 437.267
707.5 432.994
708 413.395
708.5 440.946
709 465.597
709.5 405.615
710 399.134
710.5 401.087
711 400.299
711.5 398.606
712 397.335
712.5 395.707
713 431.19
713.5 430.65
714 390.772
714.5 453.233
715 432.858
715.5 397.133
716 411.628
716.5 421.077
717 415.595
717.5 391.773
718 409.878
718.5 401.009
719 368.463
719.5 360.368
720 377.824
720.5 373.908
721 378.079
721.5 384.264
722 382.73
722.5 410.326
723 411.769
723.5 405.154
724 1410.2
724.5 1755.36
725 585.026
725.5 663.677
726 461.671
726.5 401.01
727 456.466
727.5 623.585
728 2017.03
728.5 1123.97
729 443.104
729.5 424.222
730 588.42
730.5 782.095
731 416.645
731.5 449.786
732 1800.3
732.5 386.698
733 964.674
733.5 415.246
734 387.941
734.5 2125.6
735 412.207
735.5 446.741
736 948.764
736.5 417.679
737 1876.26
737.5 431.567
738 401.387
738.5 401.64
739 413.11
739.5 783.006
740 386.011
740.5 1189.02
741 379.974
741.5 425.956
742 408.281
742.5 409.786
743 916.313
743.5 386.386
744 833.588
744.5 394.206
745 389.123
745.5 391.849
746 402.698
746.5 496.347
747 537.942
747.5 877.585
748 722.119
748.5 726.129
749 410.502
749.5 508.411
750 398.732
750.5 389.763
751 385.044
751.5 385.095
752 481.587
752.5 1541.75
753 410.72
753.5 789.371
754 446.574
754.5 426.342
755 399.243
755.5 407.302
756 621.115
756.5 400.317
757 450.787
757.5 1200.56
758 385.503
758.5 385.334
759 650.803
759.5 308.916
760 471.041
760.5 117.448
761 136.585
761.5 207.484
762 560.747
762.5 288.417
763 611.512
763.5 228.202
764 253.283
764.5 271.574
765 284.397
765.5 438.427
766 339.745
766.5 600.806
767 354.363
767.5 362.537
768 359.427
768.5 459.578
769 480.632
769.5 531.427
770 582.746
770.5 410.809
771 390.971
771.5 2247.38
772 2249.15
772.5 657.193
773 783.275
773.5 516.06
774 489.296
774.5 453.212
775 718.377
775.5 2724.07
776 1582.29
776.5 413.948
777 448.996
777.5 835.383
778 436.406
778.5 1048.24
779 477.212
779.5 2521.28
780 433.713
780.5 423.833
781 1233.01
781.5 476.774
782 496.908
782.5 2978.14
783 472.917
783.5 444.931
784 420.954
784.5 1148.87
785 671.727
785.5 3115.59
786 658.842
786.5 1270.41
787 782.987
787.5 1435.27
788 999.898
788.5 884.273
789 1061.78
789.5 531.23
790 465.119
790.5 449.868
791 471.122
791.5 3751.49
792 543.248
792.5 1758.41
793 473.856
793.5 1406.15
794 431.48
794.5 481.04
795 1201.92
795.5 438.897
796 409.725
796.5 2867.04
797 640.382
797.5 437.584
798 1587.24
798.5 413.264
799 481.93
799.5 3063.06
800 496.197
800.5 454.687
801 429.182
801.5 1122.63
802 507.41
802.5 533.936
803 2571.06
803.5 497.023
804 427.455
804.5 442.964
805 487.405
805.5 854.659
806 436.927
806.5 1316.27
807 441.912
807.5 449.312
808 474.472
808.5 464.24
809 464.108
809.5 631.496
810 423.624
810.5 851.101
811 445.508
811.5 429.909
812 429.033
812.5 435.019
813 443.943
813.5 451.187
814 571.039
814.5 424.002
815 607.15
815.5 419.812
816 420.027
816.5 384.802
817 404.157
817.5 427.446
818 392.799
818.5 415.907
819 464.521
819.5 456.645
820 441.601
820.5 431.822
821 468.252
821.5 438.343
822 438.205
822.5 422.879
823 373.749
823.5 403.274
824 430.054
824.5 471.188
825 499.342
825.5 463.587
826 421.393
826.5 436.53
827 448.591
827.5 428.228
828 1109.07
828.5 1932.79
829 2680.44
829.5 543.58
830 3306.65
830.5 581.097
831 457.087
831.5 1220.19
832 540.01
832.5 432.335
833 441.142
833.5 443.185
834 527.827
834.5 6641.23
835 623.396
835.5 2341.66
836 463.416
836.5 1293.9
837 522.942
837.5 463.22
838 566.683
838.5 1872.76
839 500.139
839.5 502.933
840 5076.04
840.5 483.61
841 461.849
841.5 464.817
842 2137.18
842.5 526.034
843 4961.22
843.5 634.304
844 472.654
844.5 467.905
845 521.219
845.5 1983.19
846 476.593
846.5 513.594
847 4299.47
847.5 568.566
848 469.414
848.5 468.103
849 466.04
849.5 1564.61
850 522.139
850.5 2481.23
851 474.427
851.5 474.671
852 474.531
852.5 528.438
853 474.01
853.5 471.716
854 2074.61
854.5 497.748
855 1193.41
855.5 462.806
856 470.732
856.5 478.533
857 486.262
857.5 607.917
858 537.655
858.5 490.267
859 678.726
859.5 490.25
860 776.768
860.5 507.502
861 528.517
861.5 618.328
862 949.325
862.5 1289.89
863 1594.07
863.5 1334.91
864 1450.48
864.5 656.971
865 1282.52
865.5 1631.39
866 1716.7
866.5 1730.99
867 1606.73
867.5 1369.15
868 871.362
868.5 1000.48
869 800.801
869.5 672.36
870 583.282
870.5 635.405
871 686.482
871.5 510.962
872 507.757
872.5 492.559
873 538.613
873.5 493.773
874 542.286
874.5 554.376
875 504.861
875.5 539.067
876 1453.1
876.5 4072.39
877 5153.26
877.5 597.183
878 5755.64
878.5 494.477
879 495.09
879.5 2120.53
880 496.127
880.5 511.73
881 596.668
881.5 640.651
882 495.885
882.5 496.157
883 10737.2
883.5 1365.84
884 4236.31
884.5 499.716
885 1515.69
885.5 790.607
886 501.115
886.5 719.01
887 3155.7
887.5 502.431
888 498.272
888.5 515.314
889 7984.91
889.5 506.743
890 642.109
890.5 3600.96
891 669.764
891.5 523.996
892 8536.29
892.5 610.966
893 711.472
893.5 546.936
894 584.221
894.5 3152.77
895 501.829
895.5 480.745
896 7180.17
896.5 513.306
897 500.008
897.5 624.396
898 581.908
898.5 620.503
899 2315.76
899.5 636.455
900 499.093
900.5 4079.83
901 477.061
901.5 479.188
902 455.284
902.5 563.33
903 530.798
903.5 527.963
904 1427.42
904.5 528.073
905 2275.62
905.5 511.446
906 556.25
906.5 545.218
907 623.98
907.5 529.542
908 493.863
908.5 501.591
909 457.996
909.5 1072.34
910 508.374
910.5 1352.49
911 463.65
911.5 505.482
912 458.651
912.5 498.463
913 482.489
913.5 495.138
914 495.544
914.5 496.987
915 516.431
915.5 929.528
916 589.569
916.5 971.912
917 491.389
917.5 469.815
918 479.53
918.5 483.729
919 498.114
919.5 494.343
920 480.15
920.5 509.421
921 508.824
921.5 508.685
922 783.348
922.5 764.116
923 686.114
923.5 493.899
924 491.002
924.5 493.677
925 494.022
925.5 494.397
926 502.643
926.5 492.65
927 503.404
927.5 497.308
928 472.616
928.5 484.243
929 475.747
929.5 479.664
930 459.299
930.5 424.684
931 4500.32
931.5 6099.34
932 499.657
932.5 5586.38
933 378.445
933.5 389.244
934 1709.12
934.5 291.215
935 408.925
935.5 335.842
936 321.314
936.5 443.479
937 344.049
937.5 1415.91
938 11111.8
938.5 737.848
939 479.827
939.5 475.986
940 615.068
940.5 2038.62
941 458.572
941.5 417.556
942 2847.43
942.5 961.944
943 313.581
943.5 442.45
944 7729.26
944.5 317.076
945 618.073
945.5 416.645
946 3508.48
946.5 371.498
947 406.662
947.5 455.234
948 7765.07
948.5 337.36
949 471.52
949.5 385.407
950 412.635
950.5 3010.91
951 487.749
951.5 479.634
952 4921.49
952.5 396.917
953 406.032
953.5 484.705
954 439.597
954.5 386.08
955 465.405
955.5 2133.14
956 429.014
956.5 456
957 4186.94
957.5 477.102
958 482.504
958.5 429.923
959 436.669
959.5 412.92
960 463.14
960.5 488.126
961 1252.68
961.5 485.132
962 465.21
962.5 1629.72
963 466.063
963.5 512.995
964 443.631
964.5 489.414
965 446.974
965.5 548.426
966 753.615
966.5 564.008
967 1729.16
967.5 952.723
968 520.378
968.5 3688.33
969 516.267
969.5 1728.9
970 5923.44
970.5 498.698
971 514.594
971.5 2776.99
972 3937.82
972.5 3982.18
973 519.18
973.5 562.774
974 3037.61
974.5 493.013
975 687.046
975.5 507.104
976 492.194
976.5 499.985
977 515.868
977.5 519.432
978 512.481
978.5 505.399
979 2490.44
979.5 16437.3
980 7359.65
980.5 507.541
981 783.324
981.5 2577.46
982 570.092
982.5 602.023
983 1066.38
983.5 525.597
984 531.015
984.5 546.026
985 4805.28
985.5 531.633
986 532.691
986.5 533.768
987 537.043
987.5 14526.1
988 533.992
988.5 534.854
989 540.391
989.5 5607.25
990 603.095
990.5 537.493
991 535.121
991.5 7767.23
992 7741.16
992.5 537.446
993 535.875
993.5 538.714
994 538.99
994.5 5425.87
995 12643.8
995.5 619.423
996 7970.75
996.5 10098
997 540.328
997.5 2423.1
998 621.706
998.5 542.25
999 541.762
999.5 541.608
1000 541.87
