3660.00 1.7468e-18
3660.50 1.7406e-18
3661.00 1.7344e-18
3661.50 1.7281e-18
3662.00 1.7218e-18
3662.50 1.7154e-18
3663.00 1.7090e-18
3663.50 1.7026e-18
3664.00 1.6961e-18
3664.50 1.6898e-18
3665.00 1.6834e-18
3665.50 1.6770e-18
3666.00 1.6706e-18
3666.50 1.6643e-18
3667.00 1.6580e-18
3667.50 1.6518e-18
3668.00 1.6455e-18
3668.50 1.6393e-18
3669.00 1.6331e-18
3669.50 1.6269e-18
3670.00 1.6207e-18
3670.50 1.6147e-18
3671.00 1.6085e-18
3671.50 1.6025e-18
3672.00 1.5964e-18
3672.50 1.5904e-18
3673.00 1.5844e-18
3673.50 1.5785e-18
3674.00 1.5725e-18
3674.50 1.5667e-18
3675.00 1.5608e-18
3675.50 1.5520e-18
3676.00 1.5433e-18
3676.50 1.5347e-18
3677.00 1.5261e-18
3677.50 1.5176e-18
3678.00 1.5091e-18
3678.50 1.5007e-18
3679.00 1.4924e-18
3679.50 1.4842e-18
3680.00 1.4759e-18
3680.50 1.4678e-18
3681.00 1.4597e-18
3681.50 1.4517e-18
3682.00 1.4437e-18
3682.50 1.4358e-18
3683.00 1.4279e-18
3683.50 1.4201e-18
3684.00 1.4124e-18
3684.50 1.4047e-18
3685.00 1.3971e-18
3685.50 1.3895e-18
3686.00 1.3820e-18
3686.50 1.3752e-18
3687.00 1.3684e-18
3687.50 1.3617e-18
3688.00 1.3550e-18
3688.50 1.3484e-18
3689.00 1.3418e-18
3689.50 1.3353e-18
3690.00 1.3288e-18
3690.50 1.3224e-18
3691.00 1.3160e-18
3691.50 1.3096e-18
3692.00 1.3033e-18
3692.50 1.2971e-18
3693.00 1.2908e-18
3693.50 1.2846e-18
3694.00 1.2785e-18
3694.50 1.2724e-18
3695.00 1.2663e-18
3695.50 1.2603e-18
3696.00 1.2543e-18
3696.50 1.2484e-18
3697.00 1.2425e-18
3697.50 1.2366e-18
3698.00 1.2308e-18
3698.50 1.2250e-18
3699.00 1.2193e-18
3699.50 1.2136e-18
3700.00 1.2079e-18
3700.50 1.2023e-18
3701.00 1.1966e-18
3701.50 1.1911e-18
3702.00 1.1856e-18
3702.50 1.1801e-18
3703.00 1.1746e-18
3703.50 1.1692e-18
3704.00 1.1639e-18
3704.50 1.1585e-18
3705.00 1.1532e-18
3705.50 1.1479e-18
3706.00 1.1427e-18
3706.50 1.1375e-18
3707.00 1.1323e-18
3707.50 1.1272e-18
3708.00 1.1221e-18
3708.50 1.1170e-18
3709.00 1.1120e-18
3709.50 1.1070e-18
3710.00 1.1020e-18
3710.50 1.0970e-18
3711.00 1.0921e-18
3711.50 1.0873e-18
3712.00 1.0824e-18
3712.50 1.0776e-18
3713.00 1.0728e-18
3713.50 1.0681e-18
3714.00 1.0633e-18
3714.50 1.0587e-18
3715.00 1.0540e-18
3715.50 1.0494e-18
3716.00 1.0447e-18
3716.50 1.0402e-18
3717.00 1.0357e-18
3717.50 1.0311e-18
3718.00 1.0266e-18
3718.50 1.0222e-18
3719.00 1.0177e-18
3719.50 1.0134e-18
3720.00 1.0090e-18
3720.50 1.0046e-18
3721.00 1.0003e-18
3721.50 9.9603e-19
3722.00 9.9176e-19
3722.50 9.8754e-19
3723.00 9.8331e-19
3723.50 9.7913e-19
3724.00 9.7494e-19
3724.50 9.7084e-19
3725.00 9.6674e-19
3725.50 9.6266e-19
3726.00 9.5857e-19
3726.50 9.5455e-19
3727.00 9.5052e-19
3727.50 9.4656e-19
3728.00 9.4260e-19
3728.50 9.3868e-19
3729.00 9.3476e-19
3729.50 9.3090e-19
3730.00 9.2704e-19
3730.50 9.2322e-19
3731.00 9.1940e-19
3731.50 9.1562e-19
3732.00 9.1184e-19
3732.50 9.0810e-19
3733.00 9.0673e-19
3733.50 9.0542e-19
3734.00 9.0407e-19
3734.50 9.0275e-19
3735.00 9.0141e-19
3735.50 9.0008e-19
3736.00 8.9873e-19
3736.50 8.9744e-19
3737.00 8.9611e-19
3737.50 8.9479e-19
3738.00 8.8858e-19
3738.50 8.8244e-19
3739.00 8.7633e-19
3739.50 8.7030e-19
3740.00 8.6429e-19
3740.50 8.5833e-19
3741.00 8.5238e-19
3741.50 8.4653e-19
3742.00 8.4069e-19
3742.50 8.3493e-19
3743.00 8.3458e-19
3743.50 8.3424e-19
3744.00 8.3386e-19
3744.50 8.3350e-19
3745.00 8.3312e-19
3745.50 8.3278e-19
3746.00 8.3432e-19
3746.50 8.3583e-19
3747.00 8.3731e-19
3747.50 8.3878e-19
3748.00 8.4022e-19
3748.50 8.4163e-19
3749.00 8.4301e-19
3749.50 8.4441e-19
3750.00 8.4578e-19
3750.50 8.4712e-19
3751.00 8.4843e-19
3751.50 8.4974e-19
3752.00 8.5101e-19
3752.50 8.5227e-19
3753.00 8.5349e-19
3753.50 8.5474e-19
3754.00 8.5596e-19
3754.50 8.5716e-19
3755.00 8.5832e-19
3755.50 8.5947e-19
3756.00 8.6058e-19
3756.50 8.6170e-19
3757.00 8.6278e-19
3757.50 8.6389e-19
3758.00 8.6495e-19
3758.50 8.6600e-19
3759.00 8.6701e-19
3759.50 8.6805e-19
3760.00 8.6904e-19
3760.50 8.7003e-19
3761.00 8.7098e-19
3761.50 8.7195e-19
3762.00 8.7288e-19
3762.50 8.7381e-19
3763.00 8.7470e-19
3763.50 8.7561e-19
3764.00 8.7649e-19
3764.50 8.7736e-19
3765.00 8.7819e-19
3765.50 8.7905e-19
3766.00 8.7988e-19
3766.50 8.8070e-19
3767.00 8.8148e-19
3767.50 8.8227e-19
3768.00 8.8301e-19
3768.50 8.8379e-19
3769.00 8.8453e-19
3769.50 8.8527e-19
3770.00 8.8598e-19
3770.50 8.8668e-19
3771.00 8.8735e-19
3771.50 8.8803e-19
3772.00 8.8866e-19
3772.50 8.8933e-19
3773.00 8.8997e-19
3773.50 8.9061e-19
3774.00 8.9122e-19
3774.50 8.9186e-19
3775.00 8.9247e-19
3775.50 8.9304e-19
3776.00 8.9359e-19
3776.50 8.9417e-19
3777.00 8.9472e-19
3777.50 8.9528e-19
3778.00 8.9580e-19
3778.50 8.9633e-19
3779.00 8.9683e-19
3779.50 8.9733e-19
3780.00 8.9780e-19
3780.50 8.9828e-19
3781.00 8.9873e-19
3781.50 8.9922e-19
3782.00 8.9968e-19
3782.50 9.0011e-19
3783.00 9.0051e-19
3783.50 9.0095e-19
3784.00 9.0137e-19
3784.50 9.0179e-19
3785.00 9.0219e-19
3785.50 9.0259e-19
3786.00 9.0297e-19
3786.50 9.0332e-19
3787.00 9.0364e-19
3787.50 9.0401e-19
3788.00 9.0435e-19
3788.50 9.0470e-19
3789.00 9.0502e-19
3789.50 9.0535e-19
3790.00 9.0566e-19
3790.50 9.0598e-19
3791.00 9.0627e-19
3791.50 9.0658e-19
3792.00 9.0686e-19
3792.50 9.0715e-19
3793.00 9.0741e-19
3793.50 9.0769e-19
3794.00 9.0795e-19
3794.50 9.0817e-19
3795.00 9.0838e-19
3795.50 9.0863e-19
3796.00 9.0886e-19
3796.50 9.0911e-19
3797.00 9.0933e-19
3797.50 9.0815e-19
3798.00 9.0695e-19
3798.50 9.0578e-19
3799.00 9.0470e-19
3799.50 9.0369e-19
3800.00 9.0266e-19
3800.50 9.0162e-19
3801.00 9.0056e-19
3801.50 8.9953e-19
3802.00 8.9849e-19
3802.50 8.9747e-19
3803.00 8.9644e-19
3803.50 8.9539e-19
3804.00 8.9433e-19
3804.50 8.9333e-19
3805.00 8.9233e-19
3805.50 8.9130e-19
3806.00 8.9027e-19
3806.50 8.8926e-19
3807.00 8.8824e-19
3807.50 8.8724e-19
3808.00 8.8623e-19
3808.50 8.8526e-19
3809.00 8.7877e-19
3809.50 8.7231e-19
3810.00 8.6587e-19
3810.50 8.5949e-19
3811.00 8.5314e-19
3811.50 8.4686e-19
3812.00 8.4059e-19
3812.50 8.3439e-19
3813.00 8.2822e-19
3813.50 8.2206e-19
3814.00 8.1593e-19
3814.50 8.0986e-19
3815.00 8.0382e-19
3815.50 7.9783e-19
3816.00 7.9187e-19
3816.50 7.8596e-19
3817.00 7.8008e-19
3817.50 7.7423e-19
3818.00 7.6841e-19
3818.50 7.6263e-19
3819.00 7.5687e-19
3819.50 7.5116e-19
3820.00 7.4547e-19
3820.50 7.3983e-19
3821.00 7.3421e-19
3821.50 7.2864e-19
3822.00 7.2308e-19
3822.50 7.1757e-19
3823.00 7.1209e-19
3823.50 7.0664e-19
3824.00 7.0122e-19
3824.50 6.9584e-19
3825.00 6.9048e-19
3825.50 6.8516e-19
3826.00 6.7986e-19
3826.50 6.7461e-19
3827.00 6.6937e-19
3827.50 6.6418e-19
3828.00 6.6305e-19
3828.50 6.6194e-19
3829.00 6.6083e-19
3829.50 6.5972e-19
3830.00 6.5630e-19
3830.50 6.5291e-19
3831.00 6.4953e-19
3831.50 6.4618e-19
3832.00 6.4284e-19
3832.50 6.3952e-19
3833.00 6.3622e-19
3833.50 6.3294e-19
3834.00 6.2966e-19
3834.50 6.2642e-19
3835.00 6.2319e-19
3835.50 6.1998e-19
3836.00 6.1678e-19
3836.50 6.1584e-19
3837.00 6.1490e-19
3837.50 6.1397e-19
3838.00 6.1303e-19
3838.50 6.1210e-19
3839.00 6.1117e-19
3839.50 6.1025e-19
3840.00 6.0933e-19
3840.50 6.1488e-19
3841.00 6.2040e-19
3841.50 6.2588e-19
3842.00 6.3132e-19
3842.50 6.3674e-19
3843.00 6.4212e-19
3843.50 6.4747e-19
3844.00 6.5278e-19
3844.50 6.5807e-19
3845.00 6.6331e-19
3845.50 6.6853e-19
3846.00 6.7371e-19
3846.50 6.7887e-19
3847.00 6.8399e-19
3847.50 6.8909e-19
3848.00 6.9414e-19
3848.50 6.9918e-19
3849.00 7.0418e-19
3849.50 7.0542e-19
3850.00 7.0664e-19
3850.50 7.0785e-19
3851.00 7.0905e-19
3851.50 7.1025e-19
3852.00 7.1143e-19
3852.50 7.1262e-19
3853.00 7.1379e-19
3853.50 7.1496e-19
3854.00 7.1611e-19
3854.50 7.1727e-19
3855.00 7.1840e-19
3855.50 7.1954e-19
3856.00 7.2066e-19
3856.50 7.2178e-19
3857.00 7.2289e-19
3857.50 7.2400e-19
3858.00 7.2509e-19
3858.50 7.2619e-19
3859.00 7.2726e-19
3859.50 7.2834e-19
3860.00 7.2941e-19
3860.50 7.3048e-19
3861.00 7.3153e-19
3861.50 7.3258e-19
3862.00 7.3361e-19
3862.50 7.3465e-19
3863.00 7.3567e-19
3863.50 7.3607e-19
3864.00 7.3646e-19
3864.50 7.3685e-19
3865.00 7.3723e-19
3865.50 7.3762e-19
3866.00 7.3799e-19
3866.50 7.3837e-19
3867.00 7.3874e-19
3867.50 7.3912e-19
3868.00 7.3948e-19
3868.50 7.3985e-19
3869.00 7.4020e-19
3869.50 7.4057e-19
3870.00 7.4093e-19
3870.50 7.4128e-19
3871.00 7.4162e-19
3871.50 7.4198e-19
3872.00 7.4232e-19
3872.50 7.4267e-19
3873.00 7.4301e-19
3873.50 7.4335e-19
3874.00 7.4368e-19
3874.50 7.4401e-19
3875.00 7.4434e-19
3875.50 7.4467e-19
3876.00 7.4500e-19
3876.50 7.4533e-19
3877.00 7.4565e-19
3877.50 7.4597e-19
3878.00 7.4628e-19
3878.50 7.4659e-19
3879.00 7.4690e-19
3879.50 7.4721e-19
3880.00 7.4752e-19
3880.50 7.4783e-19
3881.00 7.4813e-19
3881.50 7.4844e-19
3882.00 7.4758e-19
3882.50 7.4674e-19
3883.00 7.4588e-19
3883.50 7.4505e-19
3884.00 7.4421e-19
3884.50 7.4338e-19
3885.00 7.4254e-19
3885.50 7.4172e-19
3886.00 7.4051e-19
3886.50 7.3931e-19
3887.00 7.3811e-19
3887.50 7.3692e-19
3888.00 7.3573e-19
3888.50 7.3456e-19
3889.00 7.3338e-19
3889.50 7.3222e-19
3890.00 7.3105e-19
3890.50 7.2990e-19
3891.00 7.2874e-19
3891.50 7.2760e-19
3892.00 7.2646e-19
3892.50 7.2532e-19
3893.00 7.2418e-19
3893.50 7.2306e-19
3894.00 7.2193e-19
3894.50 7.2082e-19
3895.00 7.1970e-19
3895.50 7.1860e-19
3896.00 7.1749e-19
3896.50 7.1640e-19
3897.00 7.1531e-19
3897.50 7.1422e-19
3898.00 7.1314e-19
3898.50 7.1206e-19
3899.00 7.1099e-19
3899.50 7.0993e-19
3900.00 7.0886e-19
3900.50 7.0781e-19
3901.00 7.0675e-19
3901.50 7.0570e-19
3902.00 7.0466e-19
3902.50 7.0362e-19
3903.00 7.0258e-19
3903.50 7.0156e-19
3904.00 7.0053e-19
3904.50 6.9951e-19
3905.00 6.9849e-19
3905.50 6.9748e-19
3906.00 6.9647e-19
3906.50 6.9547e-19
3907.00 6.9447e-19
3907.50 6.9348e-19
3908.00 6.9249e-19
3908.50 6.9151e-19
3909.00 6.9052e-19
3909.50 6.8955e-19
3910.00 6.8857e-19
3910.50 6.8761e-19
3911.00 6.8664e-19
3911.50 6.8569e-19
3912.00 6.8473e-19
3912.50 6.8327e-19
3913.00 6.8181e-19
3913.50 6.8035e-19
3914.00 6.7890e-19
3914.50 6.7746e-19
3915.00 6.7602e-19
3915.50 6.7460e-19
3916.00 6.7317e-19
3916.50 6.7176e-19
3917.00 6.7035e-19
3917.50 6.6895e-19
3918.00 6.6755e-19
3918.50 6.6616e-19
3919.00 6.6477e-19
3919.50 6.6340e-19
3920.00 6.6202e-19
3920.50 6.6066e-19
3921.00 6.5930e-19
3921.50 6.5794e-19
3922.00 6.5659e-19
3922.50 6.5525e-19
3923.00 6.5391e-19
3923.50 6.5258e-19
3924.00 6.5125e-19
3924.50 6.4993e-19
3925.00 6.4861e-19
3925.50 6.4731e-19
3926.00 6.4600e-19
3926.50 6.4471e-19
3927.00 6.4341e-19
3927.50 6.4213e-19
3928.00 6.4084e-19
3928.50 6.3957e-19
3929.00 6.3830e-19
3929.50 6.3704e-19
3930.00 6.3577e-19
3930.50 6.3452e-19
3931.00 6.3532e-19
3931.50 6.3612e-19
3932.00 6.3691e-19
3932.50 6.3770e-19
3933.00 6.3848e-19
3933.50 6.3927e-19
3934.00 6.4005e-19
3934.50 6.4083e-19
3935.00 6.4160e-19
3935.50 6.4238e-19
3936.00 6.4314e-19
3936.50 6.4407e-19
3937.00 6.4500e-19
3937.50 6.4592e-19
3938.00 6.4683e-19
3938.50 6.4775e-19
3939.00 6.4866e-19
3939.50 6.4957e-19
3940.00 6.5048e-19
3940.50 6.5138e-19
3941.00 6.5228e-19
3941.50 6.5318e-19
3942.00 6.5407e-19
3942.50 6.5496e-19
3943.00 6.5584e-19
3943.50 6.5673e-19
3944.00 6.5761e-19
3944.50 6.5850e-19
3945.00 6.5938e-19
3945.50 6.6025e-19
3946.00 6.6112e-19
3946.50 6.6199e-19
3947.00 6.6285e-19
3947.50 6.6372e-19
3948.00 6.6458e-19
3948.50 6.6544e-19
3949.00 6.6630e-19
3949.50 6.6715e-19
3950.00 6.6800e-19
3950.50 6.6885e-19
3951.00 6.6969e-19
3951.50 6.7054e-19
3952.00 6.7138e-19
3952.50 6.7223e-19
3953.00 6.7306e-19
3953.50 6.7389e-19
3954.00 6.7472e-19
3954.50 6.7555e-19
3955.00 6.7637e-19
3955.50 6.7720e-19
3956.00 6.7803e-19
3956.50 6.7885e-19
3957.00 6.7967e-19
3957.50 6.8049e-19
3958.00 6.8131e-19
3958.50 6.8211e-19
3959.00 6.8292e-19
3959.50 6.8373e-19
3960.00 6.8454e-19
3960.50 6.8535e-19
3961.00 6.8615e-19
3961.50 6.8695e-19
3962.00 6.8774e-19
3962.50 6.8854e-19
3963.00 6.8933e-19
3963.50 6.9012e-19
3964.00 6.9091e-19
3964.50 6.9170e-19
3965.00 6.9248e-19
3965.50 6.9327e-19
3966.00 6.9405e-19
3966.50 6.9484e-19
3967.00 6.9308e-19
3967.50 6.9133e-19
3968.00 6.8958e-19
3968.50 6.8785e-19
3969.00 6.8611e-19
3969.50 6.8439e-19
3970.00 6.8267e-19
3970.50 6.8097e-19
3971.00 6.7926e-19
3971.50 6.7757e-19
3972.00 6.7588e-19
3972.50 6.7419e-19
3973.00 6.7251e-19
3973.50 6.7084e-19
3974.00 6.6918e-19
3974.50 6.6752e-19
3975.00 6.6586e-19
3975.50 6.6422e-19
3976.00 6.6898e-19
3976.50 6.7373e-19
3977.00 6.7847e-19
3977.50 6.8319e-19
3978.00 6.8790e-19
3978.50 6.9259e-19
3979.00 6.9727e-19
3979.50 7.0194e-19
3980.00 7.0659e-19
3980.50 7.1123e-19
3981.00 7.1585e-19
3981.50 7.2047e-19
3982.00 7.2507e-19
3982.50 7.2965e-19
3983.00 7.3422e-19
3983.50 7.3878e-19
3984.00 7.4333e-19
3984.50 7.4786e-19
3985.00 7.5238e-19
3985.50 7.5688e-19
3986.00 7.6137e-19
3986.50 7.6585e-19
3987.00 7.7032e-19
3987.50 7.7477e-19
3988.00 7.7921e-19
3988.50 7.8364e-19
3989.00 7.8806e-19
3989.50 7.9246e-19
3990.00 7.9685e-19
3990.50 8.0124e-19
3991.00 8.0562e-19
3991.50 8.0997e-19
3992.00 8.1431e-19
3992.50 8.1864e-19
3993.00 8.2296e-19
3993.50 8.2727e-19
3994.00 8.3156e-19
3994.50 8.3586e-19
3995.00 8.4013e-19
3995.50 8.4440e-19
3996.00 8.4864e-19
3996.50 8.5288e-19
3997.00 8.5710e-19
3997.50 8.6133e-19
3998.00 8.6554e-19
3998.50 8.6974e-19
3999.00 8.7392e-19
3999.50 8.7809e-19
4000.00 8.8225e-19
4000.50 8.8640e-19
4001.00 8.9054e-19
4001.50 8.9468e-19
4002.00 8.9881e-19
4002.50 9.0292e-19
4003.00 9.0702e-19
4003.50 9.1111e-19
4004.00 9.1518e-19
4004.50 9.1926e-19
4005.00 9.2331e-19
4005.50 9.2737e-19
4006.00 9.3140e-19
4006.50 9.3543e-19
4007.00 9.3943e-19
4007.50 9.4345e-19
4008.00 9.4745e-19
4008.50 9.5145e-19
4009.00 9.5543e-19
4009.50 9.5940e-19
4010.00 9.6335e-19
4010.50 9.6731e-19
4011.00 9.7126e-19
4011.50 9.6956e-19
4012.00 9.6787e-19
4012.50 9.6620e-19
4013.00 9.6452e-19
4013.50 9.6285e-19
4014.00 9.6119e-19
4014.50 9.5954e-19
4015.00 9.5789e-19
4015.50 9.5616e-19
4016.00 9.5444e-19
4016.50 9.5274e-19
4017.00 9.5104e-19
4017.50 9.4917e-19
4018.00 9.4730e-19
4018.50 9.4545e-19
4019.00 9.4360e-19
4019.50 9.4176e-19
4020.00 9.3992e-19
4020.50 9.3810e-19
4021.00 9.3627e-19
4021.50 9.3459e-19
4022.00 9.3290e-19
4022.50 9.3122e-19
4023.00 9.2955e-19
4023.50 9.2790e-19
4024.00 9.2625e-19
4024.50 9.2460e-19
4025.00 9.2294e-19
4025.50 9.2131e-19
4026.00 9.1967e-19
4026.50 9.1804e-19
4027.00 9.1641e-19
4027.50 9.1480e-19
4028.00 9.1318e-19
4028.50 9.1158e-19
4029.00 9.0998e-19
4029.50 9.0839e-19
4030.00 9.0680e-19
4030.50 9.0521e-19
4031.00 9.0362e-19
4031.50 9.0205e-19
4032.00 9.0048e-19
4032.50 8.9892e-19
4033.00 8.9736e-19
4033.50 8.9581e-19
4034.00 8.9426e-19
4034.50 8.9272e-19
4035.00 8.9118e-19
4035.50 8.8965e-19
4036.00 8.8812e-19
4036.50 8.8659e-19
4037.00 8.8506e-19
4037.50 8.8355e-19
4038.00 8.8205e-19
4038.50 8.8055e-19
4039.00 8.7905e-19
4039.50 8.7755e-19
4040.00 8.7605e-19
4040.50 8.7456e-19
4041.00 8.7307e-19
4041.50 8.7160e-19
4042.00 8.7013e-19
4042.50 8.6867e-19
4043.00 8.6721e-19
4043.50 8.6575e-19
4044.00 8.6429e-19
4044.50 8.6285e-19
4045.00 8.6140e-19
4045.50 8.5997e-19
4046.00 8.5854e-19
4046.50 8.5711e-19
4047.00 8.5568e-19
4047.50 8.5426e-19
4048.00 8.5285e-19
4048.50 8.5143e-19
4049.00 8.5002e-19
4049.50 8.4863e-19
4050.00 8.4724e-19
4050.50 8.4584e-19
4051.00 8.4444e-19
4051.50 8.4307e-19
4052.00 8.4169e-19
4052.50 8.4031e-19
4053.00 8.3892e-19
4053.50 8.3756e-19
4054.00 8.3620e-19
4054.50 8.3484e-19
4055.00 8.3348e-19
4055.50 8.3214e-19
4056.00 8.3079e-19
4056.50 8.2945e-19
4057.00 8.2811e-19
4057.50 8.2678e-19
4058.00 8.2544e-19
4058.50 8.2412e-19
4059.00 8.2279e-19
4059.50 8.2147e-19
4060.00 8.2015e-19
4060.50 8.1885e-19
4061.00 8.1755e-19
4061.50 8.1625e-19
4062.00 8.1495e-19
4062.50 8.1366e-19
4063.00 8.1237e-19
4063.50 8.1108e-19
4064.00 8.0979e-19
4064.50 8.0852e-19
4065.00 8.0725e-19
4065.50 8.0597e-19
4066.00 8.0470e-19
4066.50 8.0344e-19
4067.00 8.0218e-19
4067.50 8.0235e-19
4068.00 8.0251e-19
4068.50 8.0268e-19
4069.00 8.0285e-19
4069.50 8.0302e-19
4070.00 8.0319e-19
4070.50 8.0336e-19
4071.00 8.0359e-19
4071.50 8.0383e-19
4072.00 8.0406e-19
4072.50 8.0429e-19
4073.00 8.0452e-19
4073.50 8.0475e-19
4074.00 8.0498e-19
4074.50 8.0521e-19
4075.00 8.0545e-19
4075.50 8.0568e-19
4076.00 8.0590e-19
4076.50 8.0614e-19
4077.00 8.0638e-19
4077.50 8.0662e-19
4078.00 8.0687e-19
4078.50 8.0711e-19
4079.00 8.0734e-19
4079.50 8.0758e-19
4080.00 8.0782e-19
4080.50 8.0806e-19
4081.00 8.0830e-19
4081.50 8.0854e-19
4082.00 8.0878e-19
4082.50 8.0903e-19
4083.00 8.0927e-19
4083.50 8.0951e-19
4084.00 8.0975e-19
4084.50 8.1000e-19
4085.00 8.1025e-19
4085.50 8.1050e-19
4086.00 8.1074e-19
4086.50 8.1100e-19
4087.00 8.1125e-19
4087.50 8.1150e-19
4088.00 8.1175e-19
4088.50 8.1036e-19
4089.00 8.0898e-19
4089.50 8.0760e-19
4090.00 8.0623e-19
4090.50 8.0486e-19
4091.00 8.0349e-19
4091.50 8.0214e-19
4092.00 8.0078e-19
4092.50 7.9943e-19
4093.00 7.9807e-19
4093.50 7.9673e-19
4094.00 7.9539e-19
4094.50 7.9405e-19
4095.00 7.9271e-19
4095.50 7.9138e-19
4096.00 7.9004e-19
4096.50 7.8872e-19
4097.00 7.8740e-19
4097.50 7.8609e-19
4098.00 7.8478e-19
4098.50 7.8346e-19
4099.00 7.8214e-19
4099.50 7.8084e-19
4100.00 7.7954e-19
4100.50 7.7824e-19
4101.00 7.7695e-19
4101.50 7.7566e-19
4102.00 7.7437e-19
4102.50 7.7309e-19
4103.00 7.7180e-19
4103.50 7.7053e-19
4104.00 7.6925e-19
4104.50 7.6798e-19
4105.00 7.6671e-19
4105.50 7.6544e-19
4106.00 7.6417e-19
4106.50 7.6164e-19
4107.00 7.5911e-19
4107.50 7.5659e-19
4108.00 7.5407e-19
4108.50 7.5344e-19
4109.00 7.5282e-19
4109.50 7.5220e-19
4110.00 7.5157e-19
4110.50 7.5095e-19
4111.00 7.5032e-19
4111.50 7.4971e-19
4112.00 7.4910e-19
4112.50 7.4848e-19
4113.00 7.4787e-19
4113.50 7.4726e-19
4114.00 7.4664e-19
4114.50 7.4604e-19
4115.00 7.4544e-19
4115.50 7.4484e-19
4116.00 7.4424e-19
4116.50 7.4363e-19
4117.00 7.4303e-19
4117.50 7.4244e-19
4118.00 7.4185e-19
4118.50 7.4126e-19
4119.00 7.4067e-19
4119.50 7.4007e-19
4120.00 7.3948e-19
4120.50 7.3890e-19
4121.00 7.3832e-19
4121.50 7.3774e-19
4122.00 7.3716e-19
4122.50 7.3659e-19
4123.00 7.3602e-19
4123.50 7.3544e-19
4124.00 7.3486e-19
4124.50 7.3430e-19
4125.00 7.3374e-19
4125.50 7.3317e-19
4126.00 7.3260e-19
4126.50 7.3204e-19
4127.00 7.3149e-19
4127.50 7.3093e-19
4128.00 7.3037e-19
4128.50 7.2981e-19
4129.00 7.2925e-19
4129.50 7.2870e-19
4130.00 7.2815e-19
4130.50 7.2761e-19
4131.00 7.2706e-19
4131.50 7.2651e-19
4132.00 7.2596e-19
4132.50 7.2543e-19
4133.00 7.2489e-19
4133.50 7.2434e-19
4134.00 7.2379e-19
4134.50 7.2327e-19
4135.00 7.2274e-19
4135.50 7.2220e-19
4136.00 7.2167e-19
4136.50 7.2114e-19
4137.00 7.2061e-19
4137.50 7.2009e-19
4138.00 7.1956e-19
4138.50 7.1904e-19
4139.00 7.1851e-19
4139.50 7.1799e-19
4140.00 7.1748e-19
4140.50 7.1696e-19
4141.00 7.1645e-19
4141.50 7.1593e-19
4142.00 7.1542e-19
4142.50 7.1490e-19
4143.00 7.1439e-19
4143.50 7.1388e-19
4144.00 7.1338e-19
4144.50 7.1315e-19
4145.00 7.1292e-19
4145.50 7.1269e-19
4146.00 7.1246e-19
4146.50 7.1223e-19
4147.00 7.1201e-19
4147.50 7.1179e-19
4148.00 7.1157e-19
4148.50 7.1135e-19
4149.00 7.1112e-19
4149.50 7.1090e-19
4150.00 7.1068e-19
4150.50 7.1046e-19
4151.00 7.1025e-19
4151.50 7.1002e-19
4152.00 7.0980e-19
4152.50 7.0959e-19
4153.00 7.0939e-19
4153.50 7.0917e-19
4154.00 7.0896e-19
4154.50 7.1051e-19
4155.00 7.1205e-19
4155.50 7.1360e-19
4156.00 7.1515e-19
4156.50 7.1670e-19
4157.00 7.1825e-19
4157.50 7.1980e-19
4158.00 7.2135e-19
4158.50 7.2288e-19
4159.00 7.2442e-19
4159.50 7.2596e-19
4160.00 7.2583e-19
4160.50 7.2571e-19
4161.00 7.2558e-19
4161.50 7.2545e-19
4162.00 7.2532e-19
4162.50 7.2521e-19
4163.00 7.2509e-19
4163.50 7.2497e-19
4164.00 7.2485e-19
4164.50 7.2473e-19
4165.00 7.2461e-19
4165.50 7.2449e-19
4166.00 7.2437e-19
4166.50 7.2425e-19
4167.00 7.2189e-19
4167.50 7.1955e-19
4168.00 7.1720e-19
4168.50 7.1486e-19
4169.00 7.1252e-19
4169.50 7.1019e-19
4170.00 7.0785e-19
4170.50 7.0552e-19
4171.00 7.0319e-19
4171.50 7.0088e-19
4172.00 6.9856e-19
4172.50 6.9624e-19
4173.00 6.9392e-19
4173.50 6.9162e-19
4174.00 6.8931e-19
4174.50 6.8701e-19
4175.00 6.8472e-19
4175.50 6.8243e-19
4176.00 6.8015e-19
4176.50 6.7786e-19
4177.00 6.7777e-19
4177.50 6.7769e-19
4178.00 6.7761e-19
4178.50 6.7753e-19
4179.00 6.7744e-19
4179.50 6.7736e-19
4180.00 6.7728e-19
4180.50 6.7720e-19
4181.00 6.7698e-19
4181.50 6.7677e-19
4182.00 6.7656e-19
4182.50 6.7636e-19
4183.00 6.7615e-19
4183.50 6.7593e-19
4184.00 6.7571e-19
4184.50 6.7551e-19
4185.00 6.7531e-19
4185.50 6.7510e-19
4186.00 6.7489e-19
4186.50 6.7468e-19
4187.00 6.7447e-19
4187.50 6.7427e-19
4188.00 6.7422e-19
4188.50 6.7416e-19
4189.00 6.7410e-19
4189.50 6.7404e-19
4190.00 6.7397e-19
4190.50 6.7391e-19
4191.00 6.7385e-19
4191.50 6.7336e-19
4192.00 6.7287e-19
4192.50 6.7239e-19
4193.00 6.7192e-19
4193.50 6.7144e-19
4194.00 6.7096e-19
4194.50 6.7048e-19
4195.00 6.7001e-19
4195.50 6.6953e-19
4196.00 6.6905e-19
4196.50 6.6857e-19
4197.00 6.6810e-19
4197.50 6.6762e-19
4198.00 6.6714e-19
4198.50 6.6667e-19
4199.00 6.6621e-19
4199.50 6.6574e-19
4200.00 6.6528e-19
4200.50 6.6481e-19
4201.00 6.6435e-19
4201.50 6.6388e-19
4202.00 6.6342e-19
4202.50 6.6295e-19
4203.00 6.6248e-19
4203.50 6.6202e-19
4204.00 6.6155e-19
4204.50 6.6110e-19
4205.00 6.6065e-19
4205.50 6.6019e-19
4206.00 6.5974e-19
4206.50 6.5928e-19
4207.00 6.5881e-19
4207.50 6.5836e-19
4208.00 6.5790e-19
4208.50 6.5746e-19
4209.00 6.5702e-19
4209.50 6.5657e-19
4210.00 6.5611e-19
4210.50 6.5566e-19
4211.00 6.5521e-19
4211.50 6.5477e-19
4212.00 6.5433e-19
4212.50 6.5388e-19
4213.00 6.5344e-19
4213.50 6.5299e-19
4214.00 6.5254e-19
4214.50 6.5210e-19
4215.00 6.5166e-19
4215.50 6.5123e-19
4216.00 6.5080e-19
4216.50 6.5036e-19
4217.00 6.4992e-19
4217.50 6.4948e-19
4218.00 6.4903e-19
4218.50 6.4861e-19
4219.00 6.4818e-19
4219.50 6.4775e-19
4220.00 6.4732e-19
4220.50 6.4689e-19
4221.00 6.4646e-19
4221.50 6.4603e-19
4222.00 6.4560e-19
4222.50 6.4517e-19
4223.00 6.4474e-19
4223.50 6.4432e-19
4224.00 6.4389e-19
4224.50 6.4346e-19
4225.00 6.4349e-19
4225.50 6.4352e-19
4226.00 6.4356e-19
4226.50 6.4358e-19
4227.00 6.4361e-19
4227.50 6.4272e-19
4228.00 6.4184e-19
4228.50 6.4096e-19
4229.00 6.4007e-19
4229.50 6.3919e-19
4230.00 6.3831e-19
4230.50 6.3743e-19
4231.00 6.3654e-19
4231.50 6.3566e-19
4232.00 6.3478e-19
4232.50 6.3392e-19
4233.00 6.3305e-19
4233.50 6.3217e-19
4234.00 6.3129e-19
4234.50 6.3043e-19
4235.00 6.2956e-19
4235.50 6.2869e-19
4236.00 6.2781e-19
4236.50 6.2695e-19
4237.00 6.2608e-19
4237.50 6.2522e-19
4238.00 6.2436e-19
4238.50 6.2350e-19
4239.00 6.2264e-19
4239.50 6.2178e-19
4240.00 6.2092e-19
4240.50 6.2006e-19
4241.00 6.1920e-19
4241.50 6.1835e-19
4242.00 6.1751e-19
4242.50 6.1665e-19
4243.00 6.1579e-19
4243.50 6.1495e-19
4244.00 6.1410e-19
4244.50 6.1325e-19
4245.00 6.1239e-19
4245.50 6.1155e-19
4246.00 6.1071e-19
4246.50 6.0987e-19
4247.00 6.0902e-19
4247.50 6.0818e-19
4248.00 6.0734e-19
4248.50 6.0650e-19
4249.00 6.0566e-19
4249.50 6.0483e-19
4250.00 6.0399e-19
4250.50 6.0316e-19
4251.00 6.0233e-19
4251.50 6.0150e-19
4252.00 6.0066e-19
4252.50 5.9983e-19
4253.00 5.9899e-19
4253.50 5.9817e-19
4254.00 5.9734e-19
4254.50 5.9652e-19
4255.00 5.9570e-19
4255.50 5.9487e-19
4256.00 5.9404e-19
4256.50 5.9321e-19
4257.00 5.9239e-19
4257.50 5.9158e-19
4258.00 5.9076e-19
4258.50 5.8994e-19
4259.00 5.8912e-19
4259.50 5.8830e-19
4260.00 5.8748e-19
4260.50 5.8667e-19
4261.00 5.8585e-19
4261.50 5.8504e-19
4262.00 5.8422e-19
4262.50 5.8342e-19
4263.00 5.8261e-19
4263.50 5.8180e-19
4264.00 5.8099e-19
4264.50 5.8019e-19
4265.00 5.7938e-19
4265.50 5.7857e-19
4266.00 5.7776e-19
4266.50 5.7696e-19
4267.00 5.7616e-19
4267.50 5.7536e-19
4268.00 5.7457e-19
4268.50 5.7377e-19
4269.00 5.7297e-19
4269.50 5.7216e-19
4270.00 5.7136e-19
4270.50 5.7056e-19
4271.00 5.6976e-19
4271.50 5.6897e-19
4272.00 5.6818e-19
4272.50 5.6739e-19
4273.00 5.6661e-19
4273.50 5.6582e-19
4274.00 5.6502e-19
4274.50 5.6423e-19
4275.00 5.6344e-19
4275.50 5.6265e-19
4276.00 5.6186e-19
4276.50 5.6108e-19
4277.00 5.6030e-19
4277.50 5.6003e-19
4278.00 5.5975e-19
4278.50 5.5949e-19
4279.00 5.5923e-19
4279.50 5.5896e-19
4280.00 5.5868e-19
4280.50 5.5842e-19
4281.00 5.5816e-19
4281.50 5.5655e-19
4282.00 5.5495e-19
4282.50 5.5335e-19
4283.00 5.5175e-19
4283.50 5.5015e-19
4284.00 5.4855e-19
4284.50 5.4695e-19
4285.00 5.4534e-19
4285.50 5.4375e-19
4286.00 5.4215e-19
4286.50 5.4057e-19
4287.00 5.3899e-19
4287.50 5.3740e-19
4288.00 5.3582e-19
4288.50 5.3423e-19
4289.00 5.3265e-19
4289.50 5.3106e-19
4290.00 5.2948e-19
4290.50 5.2790e-19
4291.00 5.2632e-19
4291.50 5.2475e-19
4292.00 5.2318e-19
4292.50 5.2161e-19
4293.00 5.2003e-19
4293.50 5.1847e-19
4294.00 5.1690e-19
4294.50 5.1533e-19
4295.00 5.1376e-19
4295.50 5.1220e-19
4296.00 5.1065e-19
4296.50 5.0908e-19
4297.00 5.0751e-19
4297.50 5.0596e-19
4298.00 5.0441e-19
4298.50 5.0285e-19
4299.00 5.0130e-19
4299.50 4.9975e-19
4300.00 4.9821e-19
4300.50 4.9665e-19
4301.00 4.9509e-19
4301.50 4.9355e-19
4302.00 4.9201e-19
4302.50 4.9046e-19
4303.00 4.9053e-19
4303.50 4.9060e-19
4304.00 4.9067e-19
4304.50 4.9073e-19
4305.00 4.9080e-19
4305.50 4.9086e-19
4306.00 4.9093e-19
4306.50 4.9416e-19
4307.00 4.9739e-19
4307.50 5.0060e-19
4308.00 5.0381e-19
4308.50 5.0702e-19
4309.00 5.1023e-19
4309.50 5.1343e-19
4310.00 5.1663e-19
4310.50 5.1983e-19
4311.00 5.2304e-19
4311.50 5.2623e-19
4312.00 5.2941e-19
4312.50 5.3260e-19
4313.00 5.3578e-19
4313.50 5.3896e-19
4314.00 5.4215e-19
4314.50 5.4532e-19
4315.00 5.4849e-19
4315.50 5.5166e-19
4316.00 5.5483e-19
4316.50 5.5799e-19
4317.00 5.6114e-19
4317.50 5.6431e-19
4318.00 5.6746e-19
4318.50 5.7062e-19
4319.00 5.7377e-19
4319.50 5.7691e-19
4320.00 5.8005e-19
4320.50 5.8319e-19
4321.00 5.8633e-19
4321.50 5.8947e-19
4322.00 5.9260e-19
4322.50 5.9572e-19
4323.00 5.9884e-19
4323.50 6.0197e-19
4324.00 6.0509e-19
4324.50 6.0821e-19
4325.00 6.1132e-19
4325.50 6.1011e-19
4326.00 6.0890e-19
4326.50 6.0768e-19
4327.00 6.0647e-19
4327.50 6.0566e-19
4328.00 6.0484e-19
4328.50 6.0403e-19
4329.00 6.0321e-19
4329.50 6.0240e-19
4330.00 6.0158e-19
4330.50 6.0077e-19
4331.00 5.9996e-19
4331.50 5.9914e-19
4332.00 5.9833e-19
4332.50 5.9752e-19
4333.00 5.9671e-19
4333.50 5.9590e-19
4334.00 5.9509e-19
4334.50 5.9428e-19
4335.00 5.9347e-19
4335.50 5.9267e-19
4336.00 5.9188e-19
4336.50 5.9107e-19
4337.00 5.9026e-19
4337.50 5.8946e-19
4338.00 5.8865e-19
4338.50 5.8785e-19
4339.00 5.8704e-19
4339.50 5.8625e-19
4340.00 5.8545e-19
4340.50 5.8465e-19
4341.00 5.8385e-19
4341.50 5.8305e-19
4342.00 5.8224e-19
4342.50 5.8145e-19
4343.00 5.8066e-19
4343.50 5.7986e-19
4344.00 5.7906e-19
4344.50 5.7826e-19
4345.00 5.7746e-19
4345.50 5.7668e-19
4346.00 5.7589e-19
4346.50 5.7509e-19
4347.00 5.7429e-19
4347.50 5.7351e-19
4348.00 5.7272e-19
4348.50 5.7193e-19
4349.00 5.7113e-19
4349.50 5.7035e-19
4350.00 5.6956e-19
4350.50 5.6877e-19
4351.00 5.6798e-19
4351.50 5.6720e-19
4352.00 5.6641e-19
4352.50 5.6562e-19
4353.00 5.6483e-19
4353.50 5.6405e-19
4354.00 5.6327e-19
4354.50 5.6249e-19
4355.00 5.6171e-19
4355.50 5.6093e-19
4356.00 5.6014e-19
4356.50 5.5936e-19
4357.00 5.5858e-19
4357.50 5.5780e-19
4358.00 5.5701e-19
4358.50 5.5623e-19
4359.00 5.5546e-19
4359.50 5.5469e-19
4360.00 5.5391e-19
4360.50 5.5314e-19
4361.00 5.5237e-19
4361.50 5.5158e-19
4362.00 5.5080e-19
4362.50 5.5003e-19
4363.00 5.4926e-19
4363.50 5.4849e-19
4364.00 5.4772e-19
4364.50 5.4695e-19
4365.00 5.4618e-19
4365.50 5.4540e-19
4366.00 5.4462e-19
4366.50 5.4385e-19
4367.00 5.4309e-19
4367.50 5.4232e-19
4368.00 5.4155e-19
4368.50 5.4079e-19
4369.00 5.4002e-19
4369.50 5.3926e-19
4370.00 5.3849e-19
4370.50 5.3772e-19
4371.00 5.3694e-19
4371.50 5.3618e-19
4372.00 5.3542e-19
4372.50 5.3466e-19
4373.00 5.3390e-19
4373.50 5.3313e-19
4374.00 5.3237e-19
4374.50 5.3161e-19
4375.00 5.3085e-19
4375.50 5.3010e-19
4376.00 5.2934e-19
4376.50 5.2858e-19
4377.00 5.2782e-19
4377.50 5.2705e-19
4378.00 5.2629e-19
4378.50 5.2553e-19
4379.00 5.2477e-19
4379.50 5.2402e-19
4380.00 5.2326e-19
4380.50 5.2251e-19
4381.00 5.2175e-19
4381.50 5.2100e-19
4382.00 5.2025e-19
4382.50 5.1950e-19
4383.00 5.1874e-19
4383.50 5.1799e-19
4384.00 5.1724e-19
4384.50 5.1649e-19
4385.00 5.1625e-19
4385.50 5.1602e-19
4386.00 5.1578e-19
4386.50 5.1554e-19
4387.00 5.1547e-19
4387.50 5.1539e-19
4388.00 5.1531e-19
4388.50 5.1523e-19
4389.00 5.1515e-19
4389.50 5.1507e-19
4390.00 5.1499e-19
4390.50 5.1491e-19
4391.00 5.1483e-19
4391.50 5.1475e-19
4392.00 5.1467e-19
4392.50 5.1459e-19
4393.00 5.1451e-19
4393.50 5.1443e-19
4394.00 5.1435e-19
4394.50 5.1427e-19
4395.00 5.1419e-19
4395.50 5.1411e-19
4396.00 5.1403e-19
4396.50 5.1395e-19
4397.00 5.1386e-19
4397.50 5.1378e-19
4398.00 5.1370e-19
4398.50 5.1362e-19
4399.00 5.1354e-19
4399.50 5.1345e-19
4400.00 5.1337e-19
4400.50 5.1329e-19
4401.00 5.1321e-19
4401.50 5.1312e-19
4402.00 5.1304e-19
4402.50 5.1296e-19
4403.00 5.1287e-19
4403.50 5.1279e-19
4404.00 5.1154e-19
4404.50 5.1030e-19
4405.00 5.1031e-19
4405.50 5.1032e-19
4406.00 5.1032e-19
4406.50 5.1033e-19
4407.00 5.1034e-19
4407.50 5.1035e-19
4408.00 5.1036e-19
4408.50 5.1036e-19
4409.00 5.1037e-19
4409.50 5.1038e-19
4410.00 5.1038e-19
4410.50 5.1039e-19
4411.00 5.1040e-19
4411.50 5.1040e-19
4412.00 5.1041e-19
4412.50 5.1041e-19
4413.00 5.1042e-19
4413.50 5.1042e-19
4414.00 5.1043e-19
4414.50 5.1043e-19
4415.00 5.1044e-19
4415.50 5.1044e-19
4416.00 5.1044e-19
4416.50 5.1045e-19
4417.00 5.1045e-19
4417.50 5.1045e-19
4418.00 5.1046e-19
4418.50 5.1046e-19
4419.00 5.1046e-19
4419.50 5.1046e-19
4420.00 5.1047e-19
4420.50 5.1047e-19
4421.00 5.1047e-19
4421.50 5.1047e-19
4422.00 5.1047e-19
4422.50 5.1047e-19
4423.00 5.1047e-19
4423.50 5.1047e-19
4424.00 5.1047e-19
4424.50 5.1046e-19
4425.00 5.1045e-19
4425.50 5.1045e-19
4426.00 5.1045e-19
4426.50 5.1045e-19
4427.00 5.1045e-19
4427.50 5.1045e-19
4428.00 5.1044e-19
4428.50 5.1044e-19
4429.00 5.1044e-19
4429.50 5.1044e-19
4430.00 5.1043e-19
4430.50 5.1043e-19
4431.00 5.1043e-19
4431.50 5.1042e-19
4432.00 5.1042e-19
4432.50 5.1042e-19
4433.00 5.1041e-19
4433.50 5.1041e-19
4434.00 5.1040e-19
4434.50 5.1040e-19
4435.00 5.1039e-19
4435.50 5.1039e-19
4436.00 5.1038e-19
4436.50 5.1038e-19
4437.00 5.1037e-19
4437.50 5.1037e-19
4438.00 5.1036e-19
4438.50 5.1034e-19
4439.00 5.1032e-19
4439.50 5.1032e-19
4440.00 5.1031e-19
4440.50 5.1030e-19
4441.00 5.1029e-19
4441.50 5.1029e-19
4442.00 5.1028e-19
4442.50 5.1027e-19
4443.00 5.1026e-19
4443.50 5.1025e-19
4444.00 5.1024e-19
4444.50 5.1023e-19
4445.00 5.1022e-19
4445.50 5.1020e-19
4446.00 5.1018e-19
4446.50 5.1017e-19
4447.00 5.1016e-19
4447.50 5.1015e-19
4448.00 5.1014e-19
4448.50 5.1013e-19
4449.00 5.1012e-19
4449.50 5.1011e-19
4450.00 5.1009e-19
4450.50 5.1008e-19
4451.00 5.1007e-19
4451.50 5.1005e-19
4452.00 5.1002e-19
4452.50 5.1001e-19
4453.00 5.1000e-19
4453.50 5.0998e-19
4454.00 5.0997e-19
4454.50 5.0995e-19
4455.00 5.0994e-19
4455.50 5.0993e-19
4456.00 5.0991e-19
4456.50 5.0988e-19
4457.00 5.0984e-19
4457.50 5.0981e-19
4458.00 5.0978e-19
4458.50 5.0975e-19
4459.00 5.0972e-19
4459.50 5.0968e-19
4460.00 5.0935e-19
4460.50 5.0900e-19
4461.00 5.0865e-19
4461.50 5.0832e-19
4462.00 5.0798e-19
4462.50 5.0764e-19
4463.00 5.0731e-19
4463.50 5.0696e-19
4464.00 5.0661e-19
4464.50 5.0628e-19
4465.00 5.0594e-19
4465.50 5.0561e-19
4466.00 5.0527e-19
4466.50 5.0493e-19
4467.00 5.0460e-19
4467.50 5.0425e-19
4468.00 5.0391e-19
4468.50 5.0357e-19
4469.00 5.0324e-19
4469.50 5.0290e-19
4470.00 5.0257e-19
4470.50 5.0222e-19
4471.00 5.0187e-19
4471.50 5.0154e-19
4472.00 5.0120e-19
4472.50 5.0087e-19
4473.00 5.0054e-19
4473.50 5.0019e-19
4474.00 4.9984e-19
4474.50 4.9951e-19
4475.00 4.9918e-19
4475.50 4.9883e-19
4476.00 4.9849e-19
4476.50 4.9815e-19
4477.00 4.9782e-19
4477.50 4.9749e-19
4478.00 4.9715e-19
4478.50 4.9681e-19
4479.00 4.9646e-19
4479.50 4.9613e-19
4480.00 4.9580e-19
4480.50 4.9545e-19
4481.00 4.9511e-19
4481.50 4.9477e-19
4482.00 4.9444e-19
4482.50 4.9411e-19
4483.00 4.9378e-19
4483.50 4.9343e-19
4484.00 4.9309e-19
4484.50 4.9276e-19
4485.00 4.9242e-19
4485.50 4.9208e-19
4486.00 4.9174e-19
4486.50 4.9141e-19
4487.00 4.9107e-19
4487.50 4.9073e-19
4488.00 4.9039e-19
4488.50 4.9006e-19
4489.00 4.8972e-19
4489.50 4.8938e-19
4490.00 4.8904e-19
4490.50 4.8871e-19
4491.00 4.8838e-19
4491.50 4.8803e-19
4492.00 4.8769e-19
4492.50 4.8736e-19
4493.00 4.8703e-19
4493.50 4.8669e-19
4494.00 4.8635e-19
4494.50 4.8602e-19
4495.00 4.8568e-19
4495.50 4.8534e-19
4496.00 4.8500e-19
4496.50 4.8467e-19
4497.00 4.8434e-19
4497.50 4.8400e-19
4498.00 4.8366e-19
4498.50 4.8332e-19
4499.00 4.8298e-19
4499.50 4.8265e-19
4500.00 4.8232e-19
4500.50 4.8198e-19
4501.00 4.8164e-19
4501.50 4.8131e-19
4502.00 4.8098e-19
4502.50 4.8064e-19
4503.00 4.8030e-19
4503.50 4.7997e-19
4504.00 4.7964e-19
4504.50 4.7930e-19
4505.00 4.7896e-19
4505.50 4.7862e-19
4506.00 4.7828e-19
4506.50 4.7795e-19
4507.00 4.7762e-19
4507.50 4.7728e-19
4508.00 4.7694e-19
4508.50 4.7662e-19
4509.00 4.7629e-19
4509.50 4.7595e-19
4510.00 4.7561e-19
4510.50 4.7527e-19
4511.00 4.7493e-19
4511.50 4.7460e-19
4512.00 4.7428e-19
4512.50 4.7394e-19
4513.00 4.7360e-19
4513.50 4.7326e-19
4514.00 4.7292e-19
4514.50 4.7259e-19
4515.00 4.7227e-19
4515.50 4.7193e-19
4516.00 4.7159e-19
4516.50 4.7125e-19
4517.00 4.7092e-19
4517.50 4.7059e-19
4518.00 4.7026e-19
4518.50 4.6993e-19
4519.00 4.6959e-19
4519.50 4.6925e-19
4520.00 4.6891e-19
4520.50 4.6859e-19
4521.00 4.6826e-19
4521.50 4.6792e-19
4522.00 4.6759e-19
4522.50 4.6725e-19
4523.00 4.6691e-19
4523.50 4.6659e-19
4524.00 4.6626e-19
4524.50 4.6593e-19
4525.00 4.6559e-19
4525.50 4.6525e-19
4526.00 4.6492e-19
4526.50 4.6458e-19
4527.00 4.6425e-19
4527.50 4.6402e-19
4528.00 4.6379e-19
4528.50 4.6355e-19
4529.00 4.6332e-19
4529.50 4.6308e-19
4530.00 4.6284e-19
4530.50 4.6261e-19
4531.00 4.6239e-19
4531.50 4.6215e-19
4532.00 4.6191e-19
4532.50 4.6167e-19
4533.00 4.6143e-19
4533.50 4.6120e-19
4534.00 4.6096e-19
4534.50 4.6073e-19
4535.00 4.6050e-19
4535.50 4.6027e-19
4536.00 4.6003e-19
4536.50 4.5979e-19
4537.00 4.5955e-19
4537.50 4.5931e-19
4538.00 4.5908e-19
4538.50 4.5885e-19
4539.00 4.5862e-19
4539.50 4.5838e-19
4540.00 4.5815e-19
4540.50 4.5791e-19
4541.00 4.5767e-19
4541.50 4.5743e-19
4542.00 4.5719e-19
4542.50 4.5696e-19
4543.00 4.5674e-19
4543.50 4.5650e-19
4544.00 4.5638e-19
4544.50 4.5626e-19
4545.00 4.5615e-19
4545.50 4.5603e-19
4546.00 4.5591e-19
4546.50 4.5580e-19
4547.00 4.5570e-19
4547.50 4.5558e-19
4548.00 4.5546e-19
4548.50 4.5534e-19
4549.00 4.5522e-19
4549.50 4.5510e-19
4550.00 4.5498e-19
4550.50 4.5486e-19
4551.00 4.5474e-19
4551.50 4.5463e-19
4552.00 4.5453e-19
4552.50 4.5441e-19
4553.00 4.5428e-19
4553.50 4.5416e-19
4554.00 4.5404e-19
4554.50 4.5392e-19
4555.00 4.5380e-19
4555.50 4.5369e-19
4556.00 4.5358e-19
4556.50 4.5346e-19
4557.00 4.5334e-19
4557.50 4.5322e-19
4558.00 4.5310e-19
4558.50 4.5297e-19
4559.00 4.5285e-19
4559.50 4.5274e-19
4560.00 4.5263e-19
4560.50 4.5251e-19
4561.00 4.5238e-19
4561.50 4.5226e-19
4562.00 4.5214e-19
4562.50 4.5202e-19
4563.00 4.5189e-19
4563.50 4.5178e-19
4564.00 4.5167e-19
4564.50 4.5154e-19
4565.00 4.5142e-19
4565.50 4.5130e-19
4566.00 4.5117e-19
4566.50 4.5105e-19
4567.00 4.5092e-19
4567.50 4.5081e-19
4568.00 4.5069e-19
4568.50 4.5057e-19
4569.00 4.5044e-19
4569.50 4.5032e-19
4570.00 4.5019e-19
4570.50 4.5007e-19
4571.00 4.4994e-19
4571.50 4.4983e-19
4572.00 4.4971e-19
4572.50 4.4959e-19
4573.00 4.4946e-19
4573.50 4.4933e-19
4574.00 4.4921e-19
4574.50 4.4909e-19
4575.00 4.4897e-19
4575.50 4.4885e-19
4576.00 4.4872e-19
4576.50 4.4859e-19
4577.00 4.4847e-19
4577.50 4.4835e-19
4578.00 4.4823e-19
4578.50 4.4810e-19
4579.00 4.4798e-19
4579.50 4.4785e-19
4580.00 4.4772e-19
4580.50 4.4760e-19
4581.00 4.4748e-19
4581.50 4.4735e-19
4582.00 4.4722e-19
4582.50 4.4710e-19
4583.00 4.4697e-19
4583.50 4.4685e-19
4584.00 4.4673e-19
4584.50 4.4660e-19
4585.00 4.4647e-19
4585.50 4.4634e-19
4586.00 4.4621e-19
4586.50 4.4609e-19
4587.00 4.4597e-19
4587.50 4.4584e-19
4588.00 4.4571e-19
4588.50 4.4559e-19
4589.00 4.4547e-19
4589.50 4.4534e-19
4590.00 4.4520e-19
4590.50 4.4507e-19
4591.00 4.4494e-19
4591.50 4.4482e-19
4592.00 4.4470e-19
4592.50 4.4457e-19
4593.00 4.4443e-19
4593.50 4.4431e-19
4594.00 4.4419e-19
4594.50 4.4406e-19
4595.00 4.4392e-19
4595.50 4.4380e-19
4596.00 4.4368e-19
4596.50 4.4354e-19
4597.00 4.4341e-19
4597.50 4.4329e-19
4598.00 4.4317e-19
4598.50 4.4303e-19
4599.00 4.4290e-19
4599.50 4.4277e-19
4600.00 4.4265e-19
4600.50 4.4251e-19
4601.00 4.4238e-19
4601.50 4.4226e-19
4602.00 4.4213e-19
4602.50 4.4200e-19
4603.00 4.4186e-19
4603.50 4.4174e-19
4604.00 4.4161e-19
4604.50 4.4148e-19
4605.00 4.4134e-19
4605.50 4.4121e-19
4606.00 4.4109e-19
4606.50 4.4095e-19
4607.00 4.4081e-19
4607.50 4.4069e-19
4608.00 4.4056e-19
4608.50 4.4044e-19
4609.00 4.4031e-19
4609.50 4.4017e-19
4610.00 4.4003e-19
4610.50 4.3991e-19
4611.00 4.3978e-19
4611.50 4.3965e-19
4612.00 4.3953e-19
4612.50 4.3939e-19
4613.00 4.3925e-19
4613.50 4.3912e-19
4614.00 4.3899e-19
4614.50 4.3887e-19
4615.00 4.3874e-19
4615.50 4.3860e-19
4616.00 4.3846e-19
4616.50 4.3833e-19
4617.00 4.3820e-19
4617.50 4.3807e-19
4618.00 4.3794e-19
4618.50 4.3781e-19
4619.00 4.3769e-19
4619.50 4.3756e-19
4620.00 4.3743e-19
4620.50 4.3729e-19
4621.00 4.3714e-19
4621.50 4.3701e-19
4622.00 4.3688e-19
4622.50 4.3675e-19
4623.00 4.3662e-19
4623.50 4.3649e-19
4624.00 4.3636e-19
4624.50 4.3623e-19
4625.00 4.3610e-19
4625.50 4.3597e-19
4626.00 4.3584e-19
4626.50 4.3571e-19
4627.00 4.3557e-19
4627.50 4.3544e-19
4628.00 4.3531e-19
4628.50 4.3518e-19
4629.00 4.3505e-19
4629.50 4.3491e-19
4630.00 4.3478e-19
4630.50 4.3465e-19
4631.00 4.3451e-19
4631.50 4.3438e-19
4632.00 4.3425e-19
4632.50 4.3411e-19
4633.00 4.3398e-19
4633.50 4.3385e-19
4634.00 4.3371e-19
4634.50 4.3358e-19
4635.00 4.3345e-19
4635.50 4.3331e-19
4636.00 4.3318e-19
4636.50 4.3304e-19
4637.00 4.3291e-19
4637.50 4.3277e-19
4638.00 4.3264e-19
4638.50 4.3250e-19
4639.00 4.3237e-19
4639.50 4.3224e-19
4640.00 4.3212e-19
4640.50 4.3198e-19
4641.00 4.3185e-19
4641.50 4.3171e-19
4642.00 4.3158e-19
4642.50 4.3144e-19
4643.00 4.3130e-19
4643.50 4.3118e-19
4644.00 4.3105e-19
4644.50 4.3091e-19
4645.00 4.3078e-19
4645.50 4.3064e-19
4646.00 4.3050e-19
4646.50 4.3038e-19
4647.00 4.3025e-19
4647.50 4.3011e-19
4648.00 4.2997e-19
4648.50 4.2984e-19
4649.00 4.2970e-19
4649.50 4.2957e-19
4650.00 4.2944e-19
4650.50 4.2931e-19
4651.00 4.2917e-19
4651.50 4.2904e-19
4652.00 4.2891e-19
4652.50 4.2877e-19
4653.00 4.2863e-19
4653.50 4.2850e-19
4654.00 4.2838e-19
4654.50 4.2825e-19
4655.00 4.2812e-19
4655.50 4.2798e-19
4656.00 4.2784e-19
4656.50 4.2771e-19
4657.00 4.2758e-19
4657.50 4.2744e-19
4658.00 4.2730e-19
4658.50 4.2717e-19
4659.00 4.2627e-19
4659.50 4.2538e-19
4660.00 4.2448e-19
4660.50 4.2359e-19
4661.00 4.2270e-19
4661.50 4.2179e-19
4662.00 4.2089e-19
4662.50 4.2000e-19
4663.00 4.1911e-19
4663.50 4.1822e-19
4664.00 4.1733e-19
4664.50 4.1645e-19
4665.00 4.1556e-19
4665.50 4.1468e-19
4666.00 4.1379e-19
4666.50 4.1291e-19
4667.00 4.1202e-19
4667.50 4.1114e-19
4668.00 4.1026e-19
4668.50 4.0938e-19
4669.00 4.0927e-19
4669.50 4.0917e-19
4670.00 4.0907e-19
4670.50 4.0897e-19
4671.00 4.0887e-19
4671.50 4.0877e-19
4672.00 4.0867e-19
4672.50 4.0856e-19
4673.00 4.0846e-19
4673.50 4.0836e-19
4674.00 4.0826e-19
4674.50 4.0816e-19
4675.00 4.0807e-19
4675.50 4.0797e-19
4676.00 4.0787e-19
4676.50 4.0776e-19
4677.00 4.0766e-19
4677.50 4.0757e-19
4678.00 4.0747e-19
4678.50 4.0737e-19
4679.00 4.0726e-19
4679.50 4.0716e-19
4680.00 4.0705e-19
4680.50 4.0696e-19
4681.00 4.0687e-19
4681.50 4.0676e-19
4682.00 4.0666e-19
4682.50 4.0656e-19
4683.00 4.0647e-19
4683.50 4.0636e-19
4684.00 4.0626e-19
4684.50 4.0616e-19
4685.00 4.0607e-19
4685.50 4.0596e-19
4686.00 4.0585e-19
4686.50 4.0576e-19
4687.00 4.0566e-19
4687.50 4.0556e-19
4688.00 4.0547e-19
4688.50 4.0536e-19
4689.00 4.0525e-19
4689.50 4.0516e-19
4690.00 4.0506e-19
4690.50 4.0496e-19
4691.00 4.0487e-19
4691.50 4.0477e-19
4692.00 4.0467e-19
4692.50 4.0457e-19
4693.00 4.0448e-19
4693.50 4.0438e-19
4694.00 4.0428e-19
4694.50 4.0418e-19
4695.00 4.0408e-19
4695.50 4.0398e-19
4696.00 4.0389e-19
4696.50 4.0379e-19
4697.00 4.0369e-19
4697.50 4.0359e-19
4698.00 4.0349e-19
4698.50 4.0339e-19
4699.00 4.0329e-19
4699.50 4.0319e-19
4700.00 4.0309e-19
4700.50 4.0299e-19
4701.00 4.0289e-19
4701.50 4.0280e-19
4702.00 4.0271e-19
4702.50 4.0261e-19
4703.00 4.0251e-19
4703.50 4.0241e-19
4704.00 4.0231e-19
4704.50 4.0222e-19
4705.00 4.0213e-19
4705.50 4.0202e-19
4706.00 4.0192e-19
4706.50 4.0198e-19
4707.00 4.0205e-19
4707.50 4.0210e-19
4708.00 4.0215e-19
4708.50 4.0221e-19
4709.00 4.0227e-19
4709.50 4.0233e-19
4710.00 4.0239e-19
4710.50 4.0244e-19
4711.00 4.0248e-19
4711.50 4.0254e-19
4712.00 4.0260e-19
4712.50 4.0259e-19
4713.00 4.0257e-19
4713.50 4.0256e-19
4714.00 4.0254e-19
4714.50 4.0252e-19
4715.00 4.0249e-19
4715.50 4.0247e-19
4716.00 4.0246e-19
4716.50 4.0244e-19
4717.00 4.0243e-19
4717.50 4.0241e-19
4718.00 4.0239e-19
4718.50 4.0238e-19
4719.00 4.0236e-19
4719.50 4.0234e-19
4720.00 4.0232e-19
4720.50 4.0232e-19
4721.00 4.0231e-19
4721.50 4.0229e-19
4722.00 4.0227e-19
4722.50 4.0225e-19
4723.00 4.0223e-19
4723.50 4.0221e-19
4724.00 4.0219e-19
4724.50 4.0218e-19
4725.00 4.0218e-19
4725.50 4.0216e-19
4726.00 4.0213e-19
4726.50 4.0213e-19
4727.00 4.0212e-19
4727.50 4.0209e-19
4728.00 4.0207e-19
4728.50 4.0206e-19
4729.00 4.0205e-19
4729.50 4.0203e-19
4730.00 4.0201e-19
4730.50 4.0199e-19
4731.00 4.0198e-19
4731.50 4.0197e-19
4732.00 4.0196e-19
4732.50 4.0195e-19
4733.00 4.0193e-19
4733.50 4.0192e-19
4734.00 4.0191e-19
4734.50 4.0188e-19
4735.00 4.0186e-19
4735.50 4.0185e-19
4736.00 4.0183e-19
4736.50 4.0182e-19
4737.00 4.0180e-19
4737.50 4.0180e-19
4738.00 4.0180e-19
4738.50 4.0178e-19
4739.00 4.0177e-19
4739.50 4.0175e-19
4740.00 4.0174e-19
4740.50 4.0172e-19
4741.00 4.0170e-19
4741.50 4.0169e-19
4742.00 4.0167e-19
4742.50 4.0166e-19
4743.00 4.0166e-19
4743.50 4.0164e-19
4744.00 4.0162e-19
4744.50 4.0162e-19
4745.00 4.0161e-19
4745.50 4.0159e-19
4746.00 4.0158e-19
4746.50 4.0157e-19
4747.00 4.0156e-19
4747.50 4.0154e-19
4748.00 4.0152e-19
4748.50 4.0152e-19
4749.00 4.0151e-19
4749.50 4.0150e-19
4750.00 4.0149e-19
4750.50 4.0148e-19
4751.00 4.0147e-19
4751.50 4.0146e-19
4752.00 4.0146e-19
4752.50 4.0145e-19
4753.00 4.0144e-19
4753.50 4.0143e-19
4754.00 4.0142e-19
4754.50 4.0141e-19
4755.00 4.0139e-19
4755.50 4.0138e-19
4756.00 4.0137e-19
4756.50 4.0136e-19
4757.00 4.0135e-19
4757.50 4.0134e-19
4758.00 4.0133e-19
4758.50 4.0133e-19
4759.00 4.0133e-19
4759.50 4.0131e-19
4760.00 4.0130e-19
4760.50 4.0130e-19
4761.00 4.0130e-19
4761.50 4.0129e-19
4762.00 4.0127e-19
4762.50 4.0127e-19
4763.00 4.0127e-19
4763.50 4.0125e-19
4764.00 4.0124e-19
4764.50 4.0124e-19
4765.00 4.0123e-19
4765.50 4.0123e-19
4766.00 4.0123e-19
4766.50 4.0088e-19
4767.00 4.0054e-19
4767.50 4.0019e-19
4768.00 3.9985e-19
4768.50 3.9951e-19
4769.00 3.9916e-19
4769.50 3.9882e-19
4770.00 3.9848e-19
4770.50 3.9813e-19
4771.00 3.9779e-19
4771.50 3.9745e-19
4772.00 3.9711e-19
4772.50 3.9676e-19
4773.00 3.9642e-19
4773.50 3.9609e-19
4774.00 3.9576e-19
4774.50 3.9542e-19
4775.00 3.9508e-19
4775.50 3.9475e-19
4776.00 3.9442e-19
4776.50 3.9408e-19
4777.00 3.9373e-19
4777.50 3.9341e-19
4778.00 3.9308e-19
4778.50 3.9275e-19
4779.00 3.9242e-19
4779.50 3.9208e-19
4780.00 3.9174e-19
4780.50 3.9141e-19
4781.00 3.9108e-19
4781.50 3.9075e-19
4782.00 3.9042e-19
4782.50 3.9010e-19
4783.00 3.8977e-19
4783.50 3.8944e-19
4784.00 3.8911e-19
4784.50 3.8879e-19
4785.00 3.8846e-19
4785.50 3.8813e-19
4786.00 3.8781e-19
4786.50 3.8749e-19
4787.00 3.8707e-19
4787.50 3.8663e-19
4788.00 3.8619e-19
4788.50 3.8575e-19
4789.00 3.8531e-19
4789.50 3.8489e-19
4790.00 3.8446e-19
4790.50 3.8404e-19
4791.00 3.8362e-19
4791.50 3.8318e-19
4792.00 3.8274e-19
4792.50 3.8232e-19
4793.00 3.8190e-19
4793.50 3.8147e-19
4794.00 3.8105e-19
4794.50 3.8063e-19
4795.00 3.8020e-19
4795.50 3.7978e-19
4796.00 3.7936e-19
4796.50 3.7894e-19
4797.00 3.7852e-19
4797.50 3.7809e-19
4798.00 3.7767e-19
4798.50 3.7725e-19
4799.00 3.7683e-19
4799.50 3.7641e-19
4800.00 3.7599e-19
4800.50 3.7558e-19
4801.00 3.7517e-19
4801.50 3.7475e-19
4802.00 3.7433e-19
4802.50 3.7393e-19
4803.00 3.7352e-19
4803.50 3.7310e-19
4804.00 3.7268e-19
4804.50 3.7228e-19
4805.00 3.7187e-19
4805.50 3.7146e-19
4806.00 3.7106e-19
4806.50 3.7064e-19
4807.00 3.7022e-19
4807.50 3.6982e-19
4808.00 3.6941e-19
4808.50 3.6901e-19
4809.00 3.6860e-19
4809.50 3.6821e-19
4810.00 3.6782e-19
4810.50 3.6741e-19
4811.00 3.6701e-19
4811.50 3.6660e-19
4812.00 3.6620e-19
4812.50 3.6580e-19
4813.00 3.6540e-19
4813.50 3.6500e-19
4814.00 3.6461e-19
4814.50 3.6421e-19
4815.00 3.6381e-19
4815.50 3.6342e-19
4816.00 3.6303e-19
4816.50 3.6264e-19
4817.00 3.6225e-19
4817.50 3.6185e-19
4818.00 3.6145e-19
4818.50 3.6106e-19
4819.00 3.6067e-19
4819.50 3.6028e-19
4820.00 3.5989e-19
4820.50 3.5950e-19
4821.00 3.5911e-19
4821.50 3.5872e-19
4822.00 3.5834e-19
4822.50 3.5796e-19
4823.00 3.5758e-19
4823.50 3.5720e-19
4824.00 3.5681e-19
4824.50 3.5642e-19
4825.00 3.5604e-19
4825.50 3.5566e-19
4826.00 3.5529e-19
4826.50 3.5490e-19
4827.00 3.5451e-19
4827.50 3.5414e-19
4828.00 3.5376e-19
4828.50 3.5339e-19
4829.00 3.5302e-19
4829.50 3.5264e-19
4830.00 3.5227e-19
4830.50 3.5190e-19
4831.00 3.5152e-19
4831.50 3.5115e-19
4832.00 3.5078e-19
4832.50 3.5040e-19
4833.00 3.5003e-19
4833.50 3.4966e-19
4834.00 3.4929e-19
4834.50 3.4892e-19
4835.00 3.4854e-19
4835.50 3.4818e-19
4836.00 3.4782e-19
4836.50 3.4745e-19
4837.00 3.4708e-19
4837.50 3.4672e-19
4838.00 3.4636e-19
4838.50 3.4600e-19
4839.00 3.4564e-19
4839.50 3.4527e-19
4840.00 3.4490e-19
4840.50 3.4455e-19
4841.00 3.4419e-19
4841.50 3.4383e-19
4842.00 3.4347e-19
4842.50 3.4311e-19
4843.00 3.4276e-19
4843.50 3.4240e-19
4844.00 3.4204e-19
4844.50 3.4169e-19
4845.00 3.4135e-19
4845.50 3.4099e-19
4846.00 3.4063e-19
4846.50 3.4029e-19
4847.00 3.3994e-19
4847.50 3.3959e-19
4848.00 3.3923e-19
4848.50 3.3889e-19
4849.00 3.3854e-19
4849.50 3.3820e-19
4850.00 3.3785e-19
4850.50 3.3751e-19
4851.00 3.3716e-19
4851.50 3.3682e-19
4852.00 3.3647e-19
4852.50 3.3613e-19
4853.00 3.3579e-19
4853.50 3.3544e-19
4854.00 3.3510e-19
4854.50 3.3476e-19
4855.00 3.3441e-19
4855.50 3.3407e-19
4856.00 3.3373e-19
4856.50 3.3340e-19
4857.00 3.3307e-19
4857.50 3.3273e-19
4858.00 3.3240e-19
4858.50 3.3206e-19
4859.00 3.3172e-19
4859.50 3.3139e-19
4860.00 3.3106e-19
4860.50 3.3073e-19
4861.00 3.3063e-19
4861.50 3.3053e-19
4862.00 3.3044e-19
4862.50 3.3034e-19
4863.00 3.3024e-19
4863.50 3.3014e-19
4864.00 3.3005e-19
4864.50 3.2996e-19
4865.00 3.2987e-19
4865.50 3.2978e-19
4866.00 3.2968e-19
4866.50 3.2959e-19
4867.00 3.2945e-19
4867.50 3.2929e-19
4868.00 3.2914e-19
4868.50 3.2899e-19
4869.00 3.2885e-19
4869.50 3.2870e-19
4870.00 3.2856e-19
4870.50 3.2842e-19
4871.00 3.2827e-19
4871.50 3.2813e-19
4872.00 3.2798e-19
4872.50 3.2785e-19
4873.00 3.2772e-19
4873.50 3.2757e-19
4874.00 3.2743e-19
4874.50 3.2729e-19
4875.00 3.2714e-19
4875.50 3.2701e-19
4876.00 3.2688e-19
4876.50 3.2674e-19
4877.00 3.2661e-19
4877.50 3.2647e-19
4878.00 3.2632e-19
4878.50 3.2619e-19
4879.00 3.2606e-19
4879.50 3.2592e-19
4880.00 3.2579e-19
4880.50 3.2566e-19
4881.00 3.2552e-19
4881.50 3.2540e-19
4882.00 3.2528e-19
4882.50 3.2515e-19
4883.00 3.2501e-19
4883.50 3.2489e-19
4884.00 3.2477e-19
4884.50 3.2464e-19
4885.00 3.2451e-19
4885.50 3.2438e-19
4886.00 3.2426e-19
4886.50 3.2414e-19
4887.00 3.2402e-19
4887.50 3.2390e-19
4888.00 3.2377e-19
4888.50 3.2365e-19
4889.00 3.2353e-19
4889.50 3.2341e-19
4890.00 3.2329e-19
4890.50 3.2318e-19
4891.00 3.2307e-19
4891.50 3.2294e-19
4892.00 3.2282e-19
4892.50 3.2271e-19
4893.00 3.2260e-19
4893.50 3.2248e-19
4894.00 3.2236e-19
4894.50 3.2225e-19
4895.00 3.2214e-19
4895.50 3.2203e-19
4896.00 3.2191e-19
4896.50 3.2180e-19
4897.00 3.2169e-19
4897.50 3.2158e-19
4898.00 3.2147e-19
4898.50 3.2137e-19
4899.00 3.2127e-19
4899.50 3.2116e-19
4900.00 3.2105e-19
4900.50 3.2095e-19
4901.00 3.2085e-19
4901.50 3.2075e-19
4902.00 3.2065e-19
4902.50 3.2070e-19
4903.00 3.2075e-19
4903.50 3.2065e-19
4904.00 3.2055e-19
4904.50 3.2046e-19
4905.00 3.2037e-19
4905.50 3.2027e-19
4906.00 3.2017e-19
4906.50 3.2023e-19
4907.00 3.2029e-19
4907.50 3.2020e-19
4908.00 3.2012e-19
4908.50 3.2002e-19
4909.00 3.1992e-19
4909.50 3.1999e-19
4910.00 3.2006e-19
4910.50 3.1997e-19
4911.00 3.1988e-19
4911.50 3.1995e-19
4912.00 3.2002e-19
4912.50 3.1993e-19
4913.00 3.1984e-19
4913.50 3.1991e-19
4914.00 3.1998e-19
4914.50 3.1990e-19
4915.00 3.1982e-19
4915.50 3.1989e-19
4916.00 3.1997e-19
4916.50 3.2005e-19
4917.00 3.2013e-19
4917.50 3.2005e-19
4918.00 3.1997e-19
4918.50 3.2005e-19
4919.00 3.2013e-19
4919.50 3.2021e-19
4920.00 3.2029e-19
4920.50 3.2037e-19
4921.00 3.2045e-19
4921.50 3.2038e-19
4922.00 3.2032e-19
4922.50 3.2040e-19
4923.00 3.2048e-19
4923.50 3.2057e-19
4924.00 3.2066e-19
4924.50 3.2075e-19
4925.00 3.2084e-19
4925.50 3.2093e-19
4926.00 3.2102e-19
4926.50 3.2111e-19
4927.00 3.2120e-19
4927.50 3.2129e-19
4928.00 3.2138e-19
4928.50 3.2148e-19
4929.00 3.2158e-19
4929.50 3.2167e-19
4930.00 3.2176e-19
4930.50 3.2192e-19
4931.00 3.2208e-19
4931.50 3.2224e-19
4932.00 3.2240e-19
4932.50 3.2256e-19
4933.00 3.2271e-19
4933.50 3.2287e-19
4934.00 3.2303e-19
4934.50 3.2319e-19
4935.00 3.2335e-19
4935.50 3.2398e-19
4936.00 3.2461e-19
4936.50 3.2523e-19
4937.00 3.2585e-19
4937.50 3.2648e-19
4938.00 3.2711e-19
4938.50 3.2790e-19
4939.00 3.2870e-19
4939.50 3.2933e-19
4940.00 3.2996e-19
4940.50 3.3076e-19
4941.00 3.3155e-19
4941.50 3.3236e-19
4942.00 3.3317e-19
4942.50 3.3397e-19
4943.00 3.3477e-19
4943.50 3.3558e-19
4944.00 3.3640e-19
4944.50 3.3721e-19
4945.00 3.3803e-19
4945.50 3.3884e-19
4946.00 3.3966e-19
4946.50 3.4065e-19
4947.00 3.4164e-19
4947.50 3.4263e-19
4948.00 3.4361e-19
4948.50 3.4461e-19
4949.00 3.4561e-19
4949.50 3.4660e-19
4950.00 3.4759e-19
4950.50 3.4860e-19
4951.00 3.4960e-19
4951.50 3.5079e-19
4952.00 3.5197e-19
4952.50 3.5282e-19
4953.00 3.5367e-19
4953.50 3.5453e-19
4954.00 3.5539e-19
4954.50 3.5625e-19
4955.00 3.5711e-19
4955.50 3.5780e-19
4956.00 3.5850e-19
4956.50 3.5936e-19
4957.00 3.5968e-19
4957.50 3.5984e-19
4958.00 3.5999e-19
4958.50 3.5998e-19
4959.00 3.5998e-19
4959.50 3.5997e-19
4960.00 3.5996e-19
4960.50 3.5996e-19
4961.00 3.5995e-19
4961.50 3.5977e-19
4962.00 3.5960e-19
4962.50 3.5926e-19
4963.00 3.5892e-19
4963.50 3.5842e-19
4964.00 3.5793e-19
4964.50 3.5727e-19
4965.00 3.5662e-19
4965.50 3.5596e-19
4966.00 3.5530e-19
4966.50 3.5449e-19
4967.00 3.5367e-19
4967.50 3.5285e-19
4968.00 3.5204e-19
4968.50 3.5106e-19
4969.00 3.5009e-19
4969.50 3.4912e-19
4970.00 3.4816e-19
4970.50 3.4719e-19
4971.00 3.4622e-19
4971.50 3.4526e-19
4972.00 3.4430e-19
4972.50 3.4335e-19
4973.00 3.4239e-19
4973.50 3.4144e-19
4974.00 3.4049e-19
4974.50 3.3954e-19
4975.00 3.3859e-19
4975.50 3.3764e-19
4976.00 3.3669e-19
4976.50 3.3576e-19
4977.00 3.3483e-19
4977.50 3.3404e-19
4978.00 3.3326e-19
4978.50 3.3249e-19
4979.00 3.3172e-19
4979.50 3.3095e-19
4980.00 3.3018e-19
4980.50 3.2941e-19
4981.00 3.2864e-19
4981.50 3.2789e-19
4982.00 3.2713e-19
4982.50 3.2637e-19
4983.00 3.2561e-19
4983.50 3.2501e-19
4984.00 3.2442e-19
4984.50 3.2382e-19
4985.00 3.2323e-19
4985.50 3.2264e-19
4986.00 3.2205e-19
4986.50 3.2145e-19
4987.00 3.2086e-19
4987.50 3.2044e-19
4988.00 3.2001e-19
4988.50 3.1912e-19
4989.00 3.1823e-19
4989.50 3.1749e-19
4990.00 3.1675e-19
4990.50 3.1601e-19
4991.00 3.1527e-19
4991.50 3.1453e-19
4992.00 3.1379e-19
4992.50 3.1305e-19
4993.00 3.1231e-19
4993.50 3.1156e-19
4994.00 3.1143e-19
4994.50 3.1129e-19
4995.00 3.1115e-19
4995.50 3.1101e-19
4996.00 3.1087e-19
4996.50 3.1088e-19
4997.00 3.1088e-19
4997.50 3.1073e-19
4998.00 3.1058e-19
4998.50 3.1058e-19
4999.00 3.1058e-19
4999.50 3.1041e-19
5000.00 3.1025e-19
5000.50 3.1023e-19
5001.00 3.1021e-19
5001.50 3.1003e-19
5002.00 3.0986e-19
5002.50 3.0983e-19
5003.00 3.0981e-19
5003.50 3.0978e-19
5004.00 3.0963e-19
5004.50 3.0933e-19
5005.00 3.0902e-19
5005.50 3.0887e-19
5006.00 3.0871e-19
5006.50 3.0840e-19
5007.00 3.0808e-19
5007.50 3.0792e-19
5008.00 3.0776e-19
5008.50 3.0759e-19
5009.00 3.0742e-19
5009.50 3.0724e-19
5010.00 3.0706e-19
5010.50 3.0688e-19
5011.00 3.0670e-19
5011.50 3.0636e-19
5012.00 3.0602e-19
5012.50 3.0583e-19
5013.00 3.0564e-19
5013.50 3.0574e-19
5014.00 3.0584e-19
5014.50 3.0594e-19
5015.00 3.0604e-19
5015.50 3.0614e-19
5016.00 3.0624e-19
5016.50 3.0635e-19
5017.00 3.0646e-19
5017.50 3.0656e-19
5018.00 3.0666e-19
5018.50 3.0676e-19
5019.00 3.0686e-19
5019.50 3.0697e-19
5020.00 3.0708e-19
5020.50 3.0718e-19
5021.00 3.0728e-19
5021.50 3.0739e-19
5022.00 3.0750e-19
5022.50 3.0776e-19
5023.00 3.0802e-19
5023.50 3.0814e-19
5024.00 3.0826e-19
5024.50 3.0852e-19
5025.00 3.0878e-19
5025.50 3.0905e-19
5026.00 3.0933e-19
5026.50 3.0960e-19
5027.00 3.0987e-19
5027.50 3.1030e-19
5028.00 3.1073e-19
5028.50 3.1116e-19
5029.00 3.1159e-19
5029.50 3.1202e-19
5030.00 3.1245e-19
5030.50 3.1305e-19
5031.00 3.1365e-19
5031.50 3.1454e-19
5032.00 3.1544e-19
5032.50 3.1635e-19
5033.00 3.1726e-19
5033.50 3.1832e-19
5034.00 3.1938e-19
5034.50 3.2045e-19
5035.00 3.2136e-19
5035.50 3.2227e-19
5036.00 3.2317e-19
5036.50 3.2361e-19
5037.00 3.2406e-19
5037.50 3.2434e-19
5038.00 3.2463e-19
5038.50 3.2477e-19
5039.00 3.2490e-19
5039.50 3.2456e-19
5040.00 3.2422e-19
5040.50 3.2374e-19
5041.00 3.2326e-19
5041.50 3.2277e-19
5042.00 3.2227e-19
5042.50 3.2162e-19
5043.00 3.2097e-19
5043.50 3.2034e-19
5044.00 3.1970e-19
5044.50 3.1905e-19
5045.00 3.1840e-19
5045.50 3.1791e-19
5046.00 3.1742e-19
5046.50 3.1677e-19
5047.00 3.1612e-19
5047.50 3.1563e-19
5048.00 3.1514e-19
5048.50 3.1480e-19
5049.00 3.1446e-19
5049.50 3.1396e-19
5050.00 3.1346e-19
5050.50 3.1312e-19
5051.00 3.1278e-19
5051.50 3.1244e-19
5052.00 3.1210e-19
5052.50 3.1176e-19
5053.00 3.1142e-19
5053.50 3.1123e-19
5054.00 3.1104e-19
5054.50 3.1084e-19
5055.00 3.1065e-19
5055.50 3.1046e-19
5056.00 3.1027e-19
5056.50 3.1008e-19
5057.00 3.0989e-19
5057.50 3.0968e-19
5058.00 3.0948e-19
5058.50 3.0929e-19
5059.00 3.0910e-19
5059.50 3.0906e-19
5060.00 3.0901e-19
5060.50 3.0896e-19
5061.00 3.0891e-19
5061.50 3.0886e-19
5062.00 3.0882e-19
5062.50 3.0878e-19
5063.00 3.0873e-19
5063.50 3.0868e-19
5064.00 3.0863e-19
5064.50 3.0858e-19
5065.00 3.0854e-19
5065.50 3.0849e-19
5066.00 3.0843e-19
5066.50 3.0838e-19
5067.00 3.0832e-19
5067.50 3.0842e-19
5068.00 3.0851e-19
5068.50 3.0846e-19
5069.00 3.0841e-19
5069.50 3.0851e-19
5070.00 3.0862e-19
5070.50 3.0871e-19
5071.00 3.0880e-19
5071.50 3.0874e-19
5072.00 3.0868e-19
5072.50 3.0877e-19
5073.00 3.0886e-19
5073.50 3.0896e-19
5074.00 3.0905e-19
5074.50 3.0913e-19
5075.00 3.0922e-19
5075.50 3.0930e-19
5076.00 3.0939e-19
5076.50 3.0932e-19
5077.00 3.0902e-19
5077.50 3.0887e-19
5078.00 3.0872e-19
5078.50 3.0841e-19
5079.00 3.0810e-19
5079.50 3.0780e-19
5080.00 3.0750e-19
5080.50 3.0719e-19
5081.00 3.0688e-19
5081.50 3.0657e-19
5082.00 3.0626e-19
5082.50 3.0580e-19
5083.00 3.0533e-19
5083.50 3.0502e-19
5084.00 3.0471e-19
5084.50 3.0426e-19
5085.00 3.0381e-19
5085.50 3.0350e-19
5086.00 3.0319e-19
5086.50 3.0273e-19
5087.00 3.0226e-19
5087.50 3.0197e-19
5088.00 3.0167e-19
5088.50 3.0121e-19
5089.00 3.0074e-19
5089.50 3.0044e-19
5090.00 3.0013e-19
5090.50 2.9968e-19
5091.00 2.9923e-19
5091.50 2.9893e-19
5092.00 2.9864e-19
5092.50 2.9819e-19
5093.00 2.9774e-19
5093.50 2.9743e-19
5094.00 2.9712e-19
5094.50 2.9683e-19
5095.00 2.9653e-19
5095.50 2.9608e-19
5096.00 2.9564e-19
5096.50 2.9534e-19
5097.00 2.9505e-19
5097.50 2.9475e-19
5098.00 2.9446e-19
5098.50 2.9401e-19
5099.00 2.9356e-19
5099.50 2.9327e-19
5100.00 2.9297e-19
5100.50 2.9268e-19
5101.00 2.9238e-19
5101.50 2.9209e-19
5102.00 2.9180e-19
5102.50 2.9150e-19
5103.00 2.9121e-19
5103.50 2.9092e-19
5104.00 2.9064e-19
5104.50 2.9035e-19
5105.00 2.9005e-19
5105.50 2.8976e-19
5106.00 2.8946e-19
5106.50 2.8917e-19
5107.00 2.8888e-19
5107.50 2.8859e-19
5108.00 2.8831e-19
5108.50 2.8802e-19
5109.00 2.8772e-19
5109.50 2.8743e-19
5110.00 2.8713e-19
5110.50 2.8685e-19
5111.00 2.8657e-19
5111.50 2.8627e-19
5112.00 2.8598e-19
5112.50 2.8569e-19
5113.00 2.8540e-19
5113.50 2.8511e-19
5114.00 2.8483e-19
5114.50 2.8454e-19
5115.00 2.8424e-19
5115.50 2.8395e-19
5116.00 2.8366e-19
5116.50 2.8335e-19
5117.00 2.8305e-19
5117.50 2.8276e-19
5118.00 2.8247e-19
5118.50 2.8217e-19
5119.00 2.8188e-19
5119.50 2.8159e-19
5120.00 2.8130e-19
5120.50 2.8100e-19
5121.00 2.8069e-19
5121.50 2.8040e-19
5122.00 2.8011e-19
5122.50 2.7981e-19
5123.00 2.7951e-19
5123.50 2.7920e-19
5124.00 2.7890e-19
5124.50 2.7861e-19
5125.00 2.7832e-19
5125.50 2.7802e-19
5126.00 2.7772e-19
5126.50 2.7742e-19
5127.00 2.7713e-19
5127.50 2.7683e-19
5128.00 2.7653e-19
5128.50 2.7624e-19
5129.00 2.7595e-19
5129.50 2.7565e-19
5130.00 2.7535e-19
5130.50 2.7506e-19
5131.00 2.7476e-19
5131.50 2.7446e-19
5132.00 2.7416e-19
5132.50 2.7387e-19
5133.00 2.7358e-19
5133.50 2.7328e-19
5134.00 2.7298e-19
5134.50 2.7269e-19
5135.00 2.7240e-19
5135.50 2.7211e-19
5136.00 2.7182e-19
5136.50 2.7153e-19
5137.00 2.7124e-19
5137.50 2.7094e-19
5138.00 2.7064e-19
5138.50 2.7035e-19
5139.00 2.7006e-19
5139.50 2.6977e-19
5140.00 2.6948e-19
5140.50 2.6920e-19
5141.00 2.6892e-19
5141.50 2.6863e-19
5142.00 2.6834e-19
5142.50 2.6805e-19
5143.00 2.6776e-19
5143.50 2.6747e-19
5144.00 2.6718e-19
5144.50 2.6690e-19
5145.00 2.6662e-19
5145.50 2.6634e-19
5146.00 2.6606e-19
5146.50 2.6577e-19
5147.00 2.6548e-19
5147.50 2.6520e-19
5148.00 2.6492e-19
5148.50 2.6464e-19
5149.00 2.6436e-19
5149.50 2.6408e-19
5150.00 2.6380e-19
5150.50 2.6352e-19
5151.00 2.6324e-19
5151.50 2.6296e-19
5152.00 2.6268e-19
5152.50 2.6240e-19
5153.00 2.6212e-19
5153.50 2.6185e-19
5154.00 2.6158e-19
5154.50 2.6130e-19
5155.00 2.6102e-19
5155.50 2.6075e-19
5156.00 2.6048e-19
5156.50 2.6020e-19
5157.00 2.5992e-19
5157.50 2.5964e-19
5158.00 2.5937e-19
5158.50 2.5910e-19
5159.00 2.5882e-19
5159.50 2.5855e-19
5160.00 2.5827e-19
5160.50 2.5800e-19
5161.00 2.5773e-19
5161.50 2.5745e-19
5162.00 2.5717e-19
5162.50 2.5690e-19
5163.00 2.5663e-19
5163.50 2.5636e-19
5164.00 2.5609e-19
5164.50 2.5581e-19
5165.00 2.5553e-19
5165.50 2.5526e-19
5166.00 2.5499e-19
5166.50 2.5472e-19
5167.00 2.5445e-19
5167.50 2.5463e-19
5168.00 2.5481e-19
5168.50 2.5499e-19
5169.00 2.5518e-19
5169.50 2.5536e-19
5170.00 2.5554e-19
5170.50 2.5572e-19
5171.00 2.5591e-19
5171.50 2.5610e-19
5172.00 2.5629e-19
5172.50 2.5646e-19
5173.00 2.5664e-19
5173.50 2.5683e-19
5174.00 2.5702e-19
5174.50 2.5719e-19
5175.00 2.5737e-19
5175.50 2.5755e-19
5176.00 2.5773e-19
5176.50 2.5791e-19
5177.00 2.5810e-19
5177.50 2.5828e-19
5178.00 2.5846e-19
5178.50 2.5863e-19
5179.00 2.5881e-19
5179.50 2.5899e-19
5180.00 2.5917e-19
5180.50 2.5934e-19
5181.00 2.5952e-19
5181.50 2.5969e-19
5182.00 2.5986e-19
5182.50 2.6003e-19
5183.00 2.6021e-19
5183.50 2.6039e-19
5184.00 2.6057e-19
5184.50 2.6074e-19
5185.00 2.6092e-19
5185.50 2.6109e-19
5186.00 2.6126e-19
5186.50 2.6189e-19
5187.00 2.6251e-19
5187.50 2.6314e-19
5188.00 2.6377e-19
5188.50 2.6439e-19
5189.00 2.6501e-19
5189.50 2.6564e-19
5190.00 2.6627e-19
5190.50 2.6688e-19
5191.00 2.6750e-19
5191.50 2.6813e-19
5192.00 2.6876e-19
5192.50 2.6939e-19
5193.00 2.7001e-19
5193.50 2.7063e-19
5194.00 2.7125e-19
5194.50 2.7188e-19
5195.00 2.7250e-19
5195.50 2.7313e-19
5196.00 2.7376e-19
5196.50 2.7438e-19
5197.00 2.7501e-19
5197.50 2.7563e-19
5198.00 2.7625e-19
5198.50 2.7687e-19
5199.00 2.7750e-19
5199.50 2.7812e-19
5200.00 2.7875e-19
5200.50 2.7938e-19
5201.00 2.8000e-19
5201.50 2.8063e-19
5202.00 2.8125e-19
5202.50 2.8075e-19
5203.00 2.8025e-19
5203.50 2.7975e-19
5204.00 2.7926e-19
5204.50 2.7876e-19
5205.00 2.7827e-19
5205.50 2.7777e-19
5206.00 2.7726e-19
5206.50 2.7677e-19
5207.00 2.7628e-19
5207.50 2.7578e-19
5208.00 2.7529e-19
5208.50 2.7480e-19
5209.00 2.7430e-19
5209.50 2.7380e-19
5210.00 2.7330e-19
5210.50 2.7280e-19
5211.00 2.7279e-19
5211.50 2.7277e-19
5212.00 2.7275e-19
5212.50 2.7272e-19
5213.00 2.7269e-19
5213.50 2.7267e-19
5214.00 2.7265e-19
5214.50 2.7262e-19
5215.00 2.7259e-19
5215.50 2.7256e-19
5216.00 2.7254e-19
5216.50 2.7252e-19
5217.00 2.7250e-19
5217.50 2.7247e-19
5218.00 2.7244e-19
5218.50 2.7241e-19
5219.00 2.7238e-19
5219.50 2.7235e-19
5220.00 2.7232e-19
5220.50 2.7230e-19
5221.00 2.7227e-19
5221.50 2.7224e-19
5222.00 2.7221e-19
5222.50 2.7219e-19
5223.00 2.7217e-19
5223.50 2.7214e-19
5224.00 2.7211e-19
5224.50 2.7208e-19
5225.00 2.7206e-19
5225.50 2.7203e-19
5226.00 2.7200e-19
5226.50 2.7197e-19
5227.00 2.7218e-19
5227.50 2.7241e-19
5228.00 2.7263e-19
5228.50 2.7284e-19
5229.00 2.7305e-19
5229.50 2.7328e-19
5230.00 2.7350e-19
5230.50 2.7371e-19
5231.00 2.7392e-19
5231.50 2.7415e-19
5232.00 2.7437e-19
5232.50 2.7459e-19
5233.00 2.7481e-19
5233.50 2.7503e-19
5234.00 2.7524e-19
5234.50 2.7546e-19
5235.00 2.7568e-19
5235.50 2.7590e-19
5236.00 2.7613e-19
5236.50 2.7636e-19
5237.00 2.7659e-19
5237.50 2.7681e-19
5238.00 2.7703e-19
5238.50 2.7725e-19
5239.00 2.7748e-19
5239.50 2.7770e-19
5240.00 2.7792e-19
5240.50 2.7815e-19
5241.00 2.7838e-19
5241.50 2.7860e-19
5242.00 2.7883e-19
5242.50 2.7906e-19
5243.00 2.7929e-19
5243.50 2.7951e-19
5244.00 2.7973e-19
5244.50 2.7996e-19
5245.00 2.8020e-19
5245.50 2.8042e-19
5246.00 2.8064e-19
5246.50 2.8087e-19
5247.00 2.8110e-19
5247.50 2.8132e-19
5248.00 2.8154e-19
5248.50 2.8176e-19
5249.00 2.8199e-19
5249.50 2.8222e-19
5250.00 2.8245e-19
5250.50 2.8267e-19
5251.00 2.8289e-19
5251.50 2.8311e-19
5252.00 2.8333e-19
5252.50 2.8355e-19
5253.00 2.8377e-19
5253.50 2.8399e-19
5254.00 2.8422e-19
5254.50 2.8444e-19
5255.00 2.8466e-19
5255.50 2.8488e-19
5256.00 2.8510e-19
5256.50 2.8532e-19
5257.00 2.8554e-19
5257.50 2.8575e-19
5258.00 2.8596e-19
5258.50 2.8618e-19
5259.00 2.8640e-19
5259.50 2.8662e-19
5260.00 2.8684e-19
5260.50 2.8685e-19
5261.00 2.8686e-19
5261.50 2.8688e-19
5262.00 2.8690e-19
5262.50 2.8691e-19
5263.00 2.8692e-19
5263.50 2.8694e-19
5264.00 2.8696e-19
5264.50 2.8697e-19
5265.00 2.8698e-19
5265.50 2.8700e-19
5266.00 2.8701e-19
5266.50 2.8703e-19
5267.00 2.8705e-19
5267.50 2.8706e-19
5268.00 2.8707e-19
5268.50 2.8709e-19
5269.00 2.8711e-19
5269.50 2.8713e-19
5270.00 2.8715e-19
5270.50 2.8716e-19
5271.00 2.8717e-19
5271.50 2.8719e-19
5272.00 2.8721e-19
5272.50 2.8723e-19
5273.00 2.8724e-19
5273.50 2.8726e-19
5274.00 2.8728e-19
5274.50 2.8730e-19
5275.00 2.8732e-19
5275.50 2.8733e-19
5276.00 2.8678e-19
5276.50 2.8623e-19
5277.00 2.8569e-19
5277.50 2.8515e-19
5278.00 2.8460e-19
5278.50 2.8406e-19
5279.00 2.8352e-19
5279.50 2.8296e-19
5280.00 2.8241e-19
5280.50 2.8186e-19
5281.00 2.8132e-19
5281.50 2.8077e-19
5282.00 2.8022e-19
5282.50 2.7967e-19
5283.00 2.7913e-19
5283.50 2.7858e-19
5284.00 2.7802e-19
5284.50 2.7748e-19
5285.00 2.7694e-19
5285.50 2.7639e-19
5286.00 2.7584e-19
5286.50 2.7528e-19
5287.00 2.7473e-19
5287.50 2.7418e-19
5288.00 2.7363e-19
5288.50 2.7308e-19
5289.00 2.7252e-19
5289.50 2.7197e-19
5290.00 2.7142e-19
5290.50 2.7087e-19
5291.00 2.7032e-19
5291.50 2.6976e-19
5292.00 2.6920e-19
5292.50 2.6865e-19
5293.00 2.6810e-19
5293.50 2.6754e-19
5294.00 2.6698e-19
5294.50 2.6642e-19
5295.00 2.6586e-19
5295.50 2.6531e-19
5296.00 2.6503e-19
5296.50 2.6475e-19
5297.00 2.6446e-19
5297.50 2.6419e-19
5298.00 2.6391e-19
5298.50 2.6363e-19
5299.00 2.6336e-19
5299.50 2.6307e-19
5300.00 2.6279e-19
5300.50 2.6251e-19
5301.00 2.6224e-19
5301.50 2.6197e-19
5302.00 2.6171e-19
5302.50 2.6143e-19
5303.00 2.6116e-19
5303.50 2.6089e-19
5304.00 2.6062e-19
5304.50 2.6035e-19
5305.00 2.6007e-19
5305.50 2.5981e-19
5306.00 2.5954e-19
5306.50 2.5928e-19
5307.00 2.5901e-19
5307.50 2.5875e-19
5308.00 2.5850e-19
5308.50 2.5823e-19
5309.00 2.5797e-19
5309.50 2.5770e-19
5310.00 2.5744e-19
5310.50 2.5718e-19
5311.00 2.5692e-19
5311.50 2.5666e-19
5312.00 2.5639e-19
5312.50 2.5614e-19
5313.00 2.5588e-19
5313.50 2.5563e-19
5314.00 2.5537e-19
5314.50 2.5510e-19
5315.00 2.5484e-19
5315.50 2.5458e-19
5316.00 2.5433e-19
5316.50 2.5407e-19
5317.00 2.5382e-19
5317.50 2.5355e-19
5318.00 2.5329e-19
5318.50 2.5303e-19
5319.00 2.5277e-19
5319.50 2.5251e-19
5320.00 2.5224e-19
5320.50 2.5199e-19
5321.00 2.5173e-19
5321.50 2.5147e-19
5322.00 2.5120e-19
5322.50 2.5094e-19
5323.00 2.5067e-19
5323.50 2.5041e-19
5324.00 2.5039e-19
5324.50 2.5037e-19
5325.00 2.5036e-19
5325.50 2.5034e-19
5326.00 2.5032e-19
5326.50 2.5030e-19
5327.00 2.5028e-19
5327.50 2.5027e-19
5328.00 2.5025e-19
5328.50 2.5023e-19
5329.00 2.5021e-19
5329.50 2.5019e-19
5330.00 2.5018e-19
5330.50 2.5016e-19
5331.00 2.5014e-19
5331.50 2.5012e-19
5332.00 2.5010e-19
5332.50 2.5008e-19
5333.00 2.5005e-19
5333.50 2.5003e-19
5334.00 2.5001e-19
5334.50 2.4999e-19
5335.00 2.4996e-19
5335.50 2.4994e-19
5336.00 2.4992e-19
5336.50 2.4990e-19
5337.00 2.4987e-19
5337.50 2.4985e-19
5338.00 2.4984e-19
5338.50 2.4981e-19
5339.00 2.4978e-19
5339.50 2.4975e-19
5340.00 2.4973e-19
5340.50 2.4971e-19
5341.00 2.4969e-19
5341.50 2.4966e-19
5342.00 2.4964e-19
5342.50 2.4961e-19
5343.00 2.4958e-19
5343.50 2.4957e-19
5344.00 2.4955e-19
5344.50 2.4958e-19
5345.00 2.4962e-19
5345.50 2.4966e-19
5346.00 2.4970e-19
5346.50 2.4974e-19
5347.00 2.4977e-19
5347.50 2.4981e-19
5348.00 2.4984e-19
5348.50 2.4987e-19
5349.00 2.4991e-19
5349.50 2.4994e-19
5350.00 2.4998e-19
5350.50 2.5001e-19
5351.00 2.5005e-19
5351.50 2.5008e-19
5352.00 2.5011e-19
5352.50 2.5015e-19
5353.00 2.5018e-19
5353.50 2.5021e-19
5354.00 2.5023e-19
5354.50 2.5027e-19
5355.00 2.5030e-19
5355.50 2.5032e-19
5356.00 2.5035e-19
5356.50 2.5038e-19
5357.00 2.5042e-19
5357.50 2.5044e-19
5358.00 2.5047e-19
5358.50 2.5050e-19
5359.00 2.5054e-19
5359.50 2.5056e-19
5360.00 2.5058e-19
5360.50 2.5062e-19
5361.00 2.5065e-19
5361.50 2.5069e-19
5362.00 2.5072e-19
5362.50 2.5075e-19
5363.00 2.5079e-19
5363.50 2.5082e-19
5364.00 2.5086e-19
5364.50 2.5089e-19
5365.00 2.5092e-19
5365.50 2.5097e-19
5366.00 2.5101e-19
5366.50 2.5104e-19
5367.00 2.5108e-19
5367.50 2.5112e-19
5368.00 2.5116e-19
5368.50 2.5121e-19
5369.00 2.5127e-19
5369.50 2.5131e-19
5370.00 2.5135e-19
5370.50 2.5140e-19
5371.00 2.5145e-19
5371.50 2.5150e-19
5372.00 2.5154e-19
5372.50 2.5159e-19
5373.00 2.5164e-19
5373.50 2.5170e-19
5374.00 2.5177e-19
5374.50 2.5182e-19
5375.00 2.5187e-19
5375.50 2.5193e-19
5376.00 2.5199e-19
5376.50 2.5204e-19
5377.00 2.5209e-19
5377.50 2.5216e-19
5378.00 2.5222e-19
5378.50 2.5228e-19
5379.00 2.5234e-19
5379.50 2.5240e-19
5380.00 2.5246e-19
5380.50 2.5252e-19
5381.00 2.5258e-19
5381.50 2.5264e-19
5382.00 2.5270e-19
5382.50 2.5277e-19
5383.00 2.5284e-19
5383.50 2.5290e-19
5384.00 2.5296e-19
5384.50 2.5303e-19
5385.00 2.5310e-19
5385.50 2.5317e-19
5386.00 2.5325e-19
5386.50 2.5331e-19
5387.00 2.5337e-19
5387.50 2.5344e-19
5388.00 2.5351e-19
5388.50 2.5359e-19
5389.00 2.5367e-19
5389.50 2.5374e-19
5390.00 2.5381e-19
5390.50 2.5388e-19
5391.00 2.5395e-19
5391.50 2.5403e-19
5392.00 2.5410e-19
5392.50 2.5417e-19
5393.00 2.5424e-19
5393.50 2.5432e-19
5394.00 2.5440e-19
5394.50 2.5447e-19
5395.00 2.5454e-19
5395.50 2.5462e-19
5396.00 2.5470e-19
5396.50 2.5478e-19
5397.00 2.5486e-19
5397.50 2.5494e-19
5398.00 2.5502e-19
5398.50 2.5511e-19
5399.00 2.5520e-19
5399.50 2.5528e-19
5400.00 2.5536e-19
5400.50 2.5544e-19
5401.00 2.5551e-19
5401.50 2.5559e-19
5402.00 2.5567e-19
5402.50 2.5576e-19
5403.00 2.5585e-19
5403.50 2.5593e-19
5404.00 2.5601e-19
5404.50 2.5610e-19
5405.00 2.5619e-19
5405.50 2.5627e-19
5406.00 2.5635e-19
5406.50 2.5644e-19
5407.00 2.5625e-19
5407.50 2.5606e-19
5408.00 2.5586e-19
5408.50 2.5567e-19
5409.00 2.5547e-19
5409.50 2.5528e-19
5410.00 2.5508e-19
5410.50 2.5489e-19
5411.00 2.5470e-19
5411.50 2.5450e-19
5412.00 2.5431e-19
5412.50 2.5410e-19
5413.00 2.5390e-19
5413.50 2.5370e-19
5414.00 2.5349e-19
5414.50 2.5329e-19
5415.00 2.5308e-19
5415.50 2.5287e-19
5416.00 2.5266e-19
5416.50 2.5245e-19
5417.00 2.5225e-19
5417.50 2.5204e-19
5418.00 2.5183e-19
5418.50 2.5161e-19
5419.00 2.5140e-19
5419.50 2.5119e-19
5420.00 2.5097e-19
5420.50 2.5075e-19
5421.00 2.5053e-19
5421.50 2.5032e-19
5422.00 2.5010e-19
5422.50 2.4988e-19
5423.00 2.4966e-19
5423.50 2.4945e-19
5424.00 2.4923e-19
5424.50 2.4901e-19
5425.00 2.4879e-19
5425.50 2.4857e-19
5426.00 2.4835e-19
5426.50 2.4813e-19
5427.00 2.4808e-19
5427.50 2.4802e-19
5428.00 2.4795e-19
5428.50 2.4789e-19
5429.00 2.4782e-19
5429.50 2.4777e-19
5430.00 2.4771e-19
5430.50 2.4765e-19
5431.00 2.4759e-19
5431.50 2.4753e-19
5432.00 2.4748e-19
5432.50 2.4741e-19
5433.00 2.4735e-19
5433.50 2.4729e-19
5434.00 2.4724e-19
5434.50 2.4718e-19
5435.00 2.4713e-19
5435.50 2.4707e-19
5436.00 2.4702e-19
5436.50 2.4695e-19
5437.00 2.4689e-19
5437.50 2.4683e-19
5438.00 2.4678e-19
5438.50 2.4672e-19
5439.00 2.4667e-19
5439.50 2.4661e-19
5440.00 2.4656e-19
5440.50 2.4650e-19
5441.00 2.4645e-19
5441.50 2.4639e-19
5442.00 2.4634e-19
5442.50 2.4628e-19
5443.00 2.4623e-19
5443.50 2.4617e-19
5444.00 2.4612e-19
5444.50 2.4606e-19
5445.00 2.4601e-19
5445.50 2.4595e-19
5446.00 2.4590e-19
5446.50 2.4583e-19
5447.00 2.4577e-19
5447.50 2.4572e-19
5448.00 2.4566e-19
5448.50 2.4561e-19
5449.00 2.4555e-19
5449.50 2.4549e-19
5450.00 2.4542e-19
5450.50 2.4537e-19
5451.00 2.4531e-19
5451.50 2.4525e-19
5452.00 2.4519e-19
5452.50 2.4512e-19
5453.00 2.4506e-19
5453.50 2.4499e-19
5454.00 2.4491e-19
5454.50 2.4485e-19
5455.00 2.4478e-19
5455.50 2.4471e-19
5456.00 2.4464e-19
5456.50 2.4457e-19
5457.00 2.4449e-19
5457.50 2.4442e-19
5458.00 2.4435e-19
5458.50 2.4428e-19
5459.00 2.4420e-19
5459.50 2.4412e-19
5460.00 2.4404e-19
5460.50 2.4397e-19
5461.00 2.4390e-19
5461.50 2.4381e-19
5462.00 2.4373e-19
5462.50 2.4366e-19
5463.00 2.4359e-19
5463.50 2.4351e-19
5464.00 2.4343e-19
5464.50 2.4334e-19
5465.00 2.4326e-19
5465.50 2.4319e-19
5466.00 2.4312e-19
5466.50 2.4304e-19
5467.00 2.4296e-19
5467.50 2.4287e-19
5468.00 2.4279e-19
5468.50 2.4272e-19
5469.00 2.4265e-19
5469.50 2.4257e-19
5470.00 2.4249e-19
5470.50 2.4240e-19
5471.00 2.4232e-19
5471.50 2.4225e-19
5472.00 2.4218e-19
5472.50 2.4210e-19
5473.00 2.4202e-19
5473.50 2.4194e-19
5474.00 2.4185e-19
5474.50 2.4178e-19
5475.00 2.4171e-19
5475.50 2.4163e-19
5476.00 2.4155e-19
5476.50 2.4148e-19
5477.00 2.4140e-19
5477.50 2.4132e-19
5478.00 2.4124e-19
5478.50 2.4117e-19
5479.00 2.4110e-19
5479.50 2.4102e-19
5480.00 2.4093e-19
5480.50 2.4086e-19
5481.00 2.4079e-19
5481.50 2.4072e-19
5482.00 2.4065e-19
5482.50 2.4057e-19
5483.00 2.4048e-19
5483.50 2.4041e-19
5484.00 2.4034e-19
5484.50 2.4027e-19
5485.00 2.4020e-19
5485.50 2.4012e-19
5486.00 2.4005e-19
5486.50 2.3997e-19
5487.00 2.3989e-19
5487.50 2.3982e-19
5488.00 2.3975e-19
5488.50 2.3967e-19
5489.00 2.3960e-19
5489.50 2.3953e-19
5490.00 2.3946e-19
5490.50 2.3939e-19
5491.00 2.3931e-19
5491.50 2.3925e-19
5492.00 2.3919e-19
5492.50 2.3911e-19
5493.00 2.3904e-19
5493.50 2.3897e-19
5494.00 2.3890e-19
5494.50 2.3883e-19
5495.00 2.3875e-19
5495.50 2.3868e-19
5496.00 2.3861e-19
5496.50 2.3854e-19
5497.00 2.3847e-19
5497.50 2.3840e-19
5498.00 2.3832e-19
5498.50 2.3826e-19
5499.00 2.3820e-19
5499.50 2.3812e-19
5500.00 2.3805e-19
5500.50 2.3798e-19
5501.00 2.3791e-19
5501.50 2.3785e-19
5502.00 2.3777e-19
5502.50 2.3770e-19
5503.00 2.3763e-19
5503.50 2.3755e-19
5504.00 2.3747e-19
5504.50 2.3740e-19
5505.00 2.3733e-19
5505.50 2.3727e-19
5506.00 2.3721e-19
5506.50 2.3714e-19
5507.00 2.3706e-19
5507.50 2.3700e-19
5508.00 2.3694e-19
5508.50 2.3687e-19
5509.00 2.3680e-19
5509.50 2.3673e-19
5510.00 2.3667e-19
5510.50 2.3660e-19
5511.00 2.3653e-19
5511.50 2.3647e-19
5512.00 2.3641e-19
5512.50 2.3634e-19
5513.00 2.3628e-19
5513.50 2.3622e-19
5514.00 2.3616e-19
5514.50 2.3609e-19
5515.00 2.3603e-19
5515.50 2.3596e-19
5516.00 2.3589e-19
5516.50 2.3583e-19
5517.00 2.3576e-19
5517.50 2.3570e-19
5518.00 2.3564e-19
5518.50 2.3557e-19
5519.00 2.3550e-19
5519.50 2.3543e-19
5520.00 2.3537e-19
5520.50 2.3530e-19
5521.00 2.3523e-19
5521.50 2.3517e-19
5522.00 2.3511e-19
5522.50 2.3503e-19
5523.00 2.3496e-19
5523.50 2.3489e-19
5524.00 2.3482e-19
5524.50 2.3475e-19
5525.00 2.3468e-19
5525.50 2.3461e-19
5526.00 2.3454e-19
5526.50 2.3447e-19
5527.00 2.3440e-19
5527.50 2.3433e-19
5528.00 2.3425e-19
5528.50 2.3418e-19
5529.00 2.3411e-19
5529.50 2.3404e-19
5530.00 2.3397e-19
5530.50 2.3390e-19
5531.00 2.3383e-19
5531.50 2.3375e-19
5532.00 2.3367e-19
5532.50 2.3360e-19
5533.00 2.3353e-19
5533.50 2.3346e-19
5534.00 2.3339e-19
5534.50 2.3331e-19
5535.00 2.3323e-19
5535.50 2.3316e-19
5536.00 2.3309e-19
5536.50 2.3302e-19
5537.00 2.3294e-19
5537.50 2.3287e-19
5538.00 2.3279e-19
5538.50 2.3272e-19
5539.00 2.3264e-19
5539.50 2.3257e-19
5540.00 2.3250e-19
5540.50 2.3243e-19
5541.00 2.3236e-19
5541.50 2.3229e-19
5542.00 2.3222e-19
5542.50 2.3215e-19
5543.00 2.3208e-19
5543.50 2.3186e-19
5544.00 2.3163e-19
5544.50 2.3142e-19
5545.00 2.3121e-19
5545.50 2.3098e-19
5546.00 2.3076e-19
5546.50 2.3055e-19
5547.00 2.3033e-19
5547.50 2.3011e-19
5548.00 2.2989e-19
5548.50 2.2967e-19
5549.00 2.2946e-19
5549.50 2.2925e-19
5550.00 2.2903e-19
5550.50 2.2882e-19
5551.00 2.2860e-19
5551.50 2.2839e-19
5552.00 2.2818e-19
5552.50 2.2796e-19
5553.00 2.2775e-19
5553.50 2.2753e-19
5554.00 2.2732e-19
5554.50 2.2711e-19
5555.00 2.2689e-19
5555.50 2.2668e-19
5556.00 2.2646e-19
5556.50 2.2625e-19
5557.00 2.2604e-19
5557.50 2.2582e-19
5558.00 2.2561e-19
5558.50 2.2539e-19
5559.00 2.2518e-19
5559.50 2.2497e-19
5560.00 2.2477e-19
5560.50 2.2455e-19
5561.00 2.2434e-19
5561.50 2.2413e-19
5562.00 2.2391e-19
5562.50 2.2370e-19
5563.00 2.2348e-19
5563.50 2.2327e-19
5564.00 2.2306e-19
5564.50 2.2284e-19
5565.00 2.2263e-19
5565.50 2.2241e-19
5566.00 2.2220e-19
5566.50 2.2198e-19
5567.00 2.2177e-19
5567.50 2.2156e-19
5568.00 2.2134e-19
5568.50 2.2113e-19
5569.00 2.2091e-19
5569.50 2.2070e-19
5570.00 2.2049e-19
5570.50 2.2027e-19
5571.00 2.2006e-19
5571.50 2.1984e-19
5572.00 2.1963e-19
5572.50 2.1942e-19
5573.00 2.1920e-19
5573.50 2.1899e-19
5574.00 2.1877e-19
5574.50 2.1856e-19
5575.00 2.1835e-19
5575.50 2.1813e-19
5576.00 2.1792e-19
5576.50 2.1770e-19
5577.00 2.1749e-19
5577.50 2.1728e-19
5578.00 2.1706e-19
5578.50 2.1685e-19
5579.00 2.1663e-19
5579.50 2.1641e-19
5580.00 2.1619e-19
5580.50 2.1598e-19
5581.00 2.1576e-19
5581.50 2.1555e-19
5582.00 2.1533e-19
5582.50 2.1512e-19
5583.00 2.1491e-19
5583.50 2.1469e-19
5584.00 2.1448e-19
5584.50 2.1427e-19
5585.00 2.1405e-19
5585.50 2.1384e-19
5586.00 2.1362e-19
5586.50 2.1341e-19
5587.00 2.1320e-19
5587.50 2.1309e-19
5588.00 2.1298e-19
5588.50 2.1288e-19
5589.00 2.1277e-19
5589.50 2.1266e-19
5590.00 2.1256e-19
5590.50 2.1245e-19
5591.00 2.1234e-19
5591.50 2.1232e-19
5592.00 2.1230e-19
5592.50 2.1228e-19
5593.00 2.1226e-19
5593.50 2.1224e-19
5594.00 2.1222e-19
5594.50 2.1220e-19
5595.00 2.1218e-19
5595.50 2.1216e-19
5596.00 2.1214e-19
5596.50 2.1212e-19
5597.00 2.1210e-19
5597.50 2.1208e-19
5598.00 2.1205e-19
5598.50 2.1203e-19
5599.00 2.1201e-19
5599.50 2.1199e-19
5600.00 2.1197e-19
5600.50 2.1195e-19
5601.00 2.1193e-19
5601.50 2.1191e-19
5602.00 2.1189e-19
5602.50 2.1187e-19
5603.00 2.1185e-19
5603.50 2.1183e-19
5604.00 2.1181e-19
5604.50 2.1179e-19
5605.00 2.1177e-19
5605.50 2.1175e-19
5606.00 2.1173e-19
5606.50 2.1171e-19
5607.00 2.1169e-19
5607.50 2.1167e-19
5608.00 2.1165e-19
5608.50 2.1162e-19
5609.00 2.1160e-19
5609.50 2.1158e-19
5610.00 2.1156e-19
5610.50 2.1153e-19
5611.00 2.1151e-19
5611.50 2.1149e-19
5612.00 2.1147e-19
5612.50 2.1145e-19
5613.00 2.1142e-19
5613.50 2.1140e-19
5614.00 2.1138e-19
5614.50 2.1136e-19
5615.00 2.1133e-19
5615.50 2.1131e-19
5616.00 2.1129e-19
5616.50 2.1127e-19
5617.00 2.1125e-19
5617.50 2.1122e-19
5618.00 2.1120e-19
5618.50 2.1118e-19
5619.00 2.1115e-19
5619.50 2.1113e-19
5620.00 2.1111e-19
5620.50 2.1109e-19
5621.00 2.1107e-19
5621.50 2.1104e-19
5622.00 2.1101e-19
5622.50 2.1099e-19
5623.00 2.1097e-19
5623.50 2.1094e-19
5624.00 2.1091e-19
5624.50 2.1089e-19
5625.00 2.1087e-19
5625.50 2.1085e-19
5626.00 2.1083e-19
5626.50 2.1080e-19
5627.00 2.1077e-19
5627.50 2.1075e-19
5628.00 2.1073e-19
5628.50 2.1071e-19
5629.00 2.1069e-19
5629.50 2.1066e-19
5630.00 2.1064e-19
5630.50 2.1062e-19
5631.00 2.1059e-19
5631.50 2.1057e-19
5632.00 2.1055e-19
5632.50 2.1053e-19
5633.00 2.1051e-19
5633.50 2.1049e-19
5634.00 2.1047e-19
5634.50 2.1045e-19
5635.00 2.1043e-19
5635.50 2.1041e-19
5636.00 2.1039e-19
5636.50 2.1037e-19
5637.00 2.1035e-19
5637.50 2.1034e-19
5638.00 2.1032e-19
5638.50 2.1030e-19
5639.00 2.1028e-19
5639.50 2.1027e-19
5640.00 2.1026e-19
5640.50 2.1024e-19
5641.00 2.1023e-19
5641.50 2.1021e-19
5642.00 2.1019e-19
5642.50 2.1018e-19
5643.00 2.1016e-19
5643.50 2.1016e-19
5644.00 2.1015e-19
5644.50 2.1014e-19
5645.00 2.1013e-19
5645.50 2.1012e-19
5646.00 2.1010e-19
5646.50 2.1010e-19
5647.00 2.1009e-19
5647.50 2.1008e-19
5648.00 2.1007e-19
5648.50 2.1006e-19
5649.00 2.1006e-19
5649.50 2.1005e-19
5650.00 2.1005e-19
5650.50 2.1004e-19
5651.00 2.1004e-19
5651.50 2.1003e-19
5652.00 2.1003e-19
5652.50 2.1002e-19
5653.00 2.1001e-19
5653.50 2.1001e-19
5654.00 2.1000e-19
5654.50 2.1000e-19
5655.00 2.0999e-19
5655.50 2.0999e-19
5656.00 2.0998e-19
5656.50 2.0998e-19
5657.00 2.0997e-19
5657.50 2.0982e-19
5658.00 2.0967e-19
5658.50 2.0952e-19
5659.00 2.0936e-19
5659.50 2.0921e-19
5660.00 2.0906e-19
5660.50 2.0891e-19
5661.00 2.0875e-19
5661.50 2.0860e-19
5662.00 2.0845e-19
5662.50 2.0830e-19
5663.00 2.0814e-19
5663.50 2.0799e-19
5664.00 2.0784e-19
5664.50 2.0769e-19
5665.00 2.0753e-19
5665.50 2.0739e-19
5666.00 2.0720e-19
5666.50 2.0701e-19
5667.00 2.0682e-19
5667.50 2.0663e-19
5668.00 2.0644e-19
5668.50 2.0625e-19
5669.00 2.0605e-19
5669.50 2.0586e-19
5670.00 2.0567e-19
5670.50 2.0548e-19
5671.00 2.0529e-19
5671.50 2.0508e-19
5672.00 2.0488e-19
5672.50 2.0467e-19
5673.00 2.0447e-19
5673.50 2.0427e-19
5674.00 2.0406e-19
5674.50 2.0386e-19
5675.00 2.0365e-19
5675.50 2.0346e-19
5676.00 2.0326e-19
5676.50 2.0305e-19
5677.00 2.0285e-19
5677.50 2.0264e-19
5678.00 2.0244e-19
5678.50 2.0224e-19
5679.00 2.0205e-19
5679.50 2.0185e-19
5680.00 2.0165e-19
5680.50 2.0145e-19
5681.00 2.0126e-19
5681.50 2.0106e-19
5682.00 2.0086e-19
5682.50 2.0066e-19
5683.00 2.0047e-19
5683.50 2.0027e-19
5684.00 2.0008e-19
5684.50 1.9989e-19
5685.00 1.9970e-19
5685.50 1.9950e-19
5686.00 1.9931e-19
5686.50 1.9912e-19
5687.00 1.9894e-19
5687.50 1.9875e-19
5688.00 1.9856e-19
5688.50 1.9837e-19
5689.00 1.9817e-19
5689.50 1.9799e-19
5690.00 1.9781e-19
5690.50 1.9762e-19
5691.00 1.9744e-19
5691.50 1.9725e-19
5692.00 1.9705e-19
5692.50 1.9687e-19
5693.00 1.9692e-19
5693.50 1.9697e-19
5694.00 1.9701e-19
5694.50 1.9706e-19
5695.00 1.9711e-19
5695.50 1.9717e-19
5696.00 1.9722e-19
5696.50 1.9727e-19
5697.00 1.9732e-19
5697.50 1.9737e-19
5698.00 1.9743e-19
5698.50 1.9748e-19
5699.00 1.9753e-19
5699.50 1.9758e-19
5700.00 1.9764e-19
5700.50 1.9768e-19
5701.00 1.9773e-19
5701.50 1.9779e-19
5702.00 1.9784e-19
5702.50 1.9790e-19
5703.00 1.9795e-19
5703.50 1.9801e-19
5704.00 1.9807e-19
5704.50 1.9811e-19
5705.00 1.9816e-19
5705.50 1.9822e-19
5706.00 1.9827e-19
5706.50 1.9833e-19
5707.00 1.9838e-19
5707.50 1.9844e-19
5708.00 1.9849e-19
5708.50 1.9855e-19
5709.00 1.9861e-19
5709.50 1.9866e-19
5710.00 1.9872e-19
5710.50 1.9877e-19
5711.00 1.9883e-19
5711.50 1.9888e-19
5712.00 1.9894e-19
5712.50 1.9899e-19
5713.00 1.9904e-19
5713.50 1.9909e-19
5714.00 1.9915e-19
5714.50 1.9920e-19
5715.00 1.9926e-19
5715.50 1.9931e-19
5716.00 1.9937e-19
5716.50 1.9942e-19
5717.00 1.9947e-19
5717.50 1.9952e-19
5718.00 1.9958e-19
5718.50 1.9963e-19
5719.00 1.9969e-19
5719.50 1.9974e-19
5720.00 1.9979e-19
5720.50 1.9984e-19
5721.00 1.9990e-19
5721.50 1.9994e-19
5722.00 1.9999e-19
5722.50 2.0004e-19
5723.00 2.0009e-19
5723.50 2.0014e-19
5724.00 2.0019e-19
5724.50 2.0024e-19
5725.00 2.0028e-19
5725.50 2.0033e-19
5726.00 2.0038e-19
5726.50 2.0053e-19
5727.00 2.0068e-19
5727.50 2.0073e-19
5728.00 2.0078e-19
5728.50 2.0082e-19
5729.00 2.0086e-19
5729.50 2.0100e-19
5730.00 2.0114e-19
5730.50 2.0118e-19
5731.00 2.0122e-19
5731.50 2.0127e-19
5732.00 2.0131e-19
5732.50 2.0145e-19
5733.00 2.0159e-19
5733.50 2.0163e-19
5734.00 2.0167e-19
5734.50 2.0181e-19
5735.00 2.0194e-19
5735.50 2.0208e-19
5736.00 2.0223e-19
5736.50 2.0226e-19
5737.00 2.0229e-19
5737.50 2.0243e-19
5738.00 2.0256e-19
5738.50 2.0270e-19
5739.00 2.0283e-19
5739.50 2.0297e-19
5740.00 2.0310e-19
5740.50 2.0324e-19
5741.00 2.0337e-19
5741.50 2.0341e-19
5742.00 2.0345e-19
5742.50 2.0369e-19
5743.00 2.0392e-19
5743.50 2.0406e-19
5744.00 2.0419e-19
5744.50 2.0433e-19
5745.00 2.0446e-19
5745.50 2.0460e-19
5746.00 2.0473e-19
5746.50 2.0487e-19
5747.00 2.0502e-19
5747.50 2.0515e-19
5748.00 2.0529e-19
5748.50 2.0553e-19
5749.00 2.0577e-19
5749.50 2.0591e-19
5750.00 2.0605e-19
5750.50 2.0619e-19
5751.00 2.0632e-19
5751.50 2.0657e-19
5752.00 2.0681e-19
5752.50 2.0696e-19
5753.00 2.0711e-19
5753.50 2.0735e-19
5754.00 2.0759e-19
5754.50 2.0774e-19
5755.00 2.0789e-19
5755.50 2.0814e-19
5756.00 2.0839e-19
5756.50 2.0854e-19
5757.00 2.0869e-19
5757.50 2.0885e-19
5758.00 2.0901e-19
5758.50 2.0926e-19
5759.00 2.0952e-19
5759.50 2.0968e-19
5760.00 2.0983e-19
5760.50 2.0999e-19
5761.00 2.1015e-19
5761.50 2.1031e-19
5762.00 2.1048e-19
5762.50 2.1064e-19
5763.00 2.1080e-19
5763.50 2.1087e-19
5764.00 2.1093e-19
5764.50 2.1109e-19
5765.00 2.1126e-19
5765.50 2.1133e-19
5766.00 2.1140e-19
5766.50 2.1157e-19
5767.00 2.1174e-19
5767.50 2.1182e-19
5768.00 2.1190e-19
5768.50 2.1198e-19
5769.00 2.1206e-19
5769.50 2.1213e-19
5770.00 2.1221e-19
5770.50 2.1229e-19
5771.00 2.1237e-19
5771.50 2.1235e-19
5772.00 2.1232e-19
5772.50 2.1241e-19
5773.00 2.1248e-19
5773.50 2.1245e-19
5774.00 2.1242e-19
5774.50 2.1238e-19
5775.00 2.1235e-19
5775.50 2.1232e-19
5776.00 2.1229e-19
5776.50 2.1237e-19
5777.00 2.1245e-19
5777.50 2.1242e-19
5778.00 2.1239e-19
5778.50 2.1236e-19
5779.00 2.1233e-19
5779.50 2.1231e-19
5780.00 2.1228e-19
5780.50 2.1215e-19
5781.00 2.1202e-19
5781.50 2.1200e-19
5782.00 2.1197e-19
5782.50 2.1194e-19
5783.00 2.1191e-19
5783.50 2.1188e-19
5784.00 2.1185e-19
5784.50 2.1171e-19
5785.00 2.1157e-19
5785.50 2.1154e-19
5786.00 2.1150e-19
5786.50 2.1146e-19
5787.00 2.1143e-19
5787.50 2.1139e-19
5788.00 2.1135e-19
5788.50 2.1132e-19
5789.00 2.1128e-19
5789.50 2.1113e-19
5790.00 2.1098e-19
5790.50 2.1093e-19
5791.00 2.1089e-19
5791.50 2.1084e-19
5792.00 2.1079e-19
5792.50 2.1074e-19
5793.00 2.1069e-19
5793.50 2.1063e-19
5794.00 2.1057e-19
5794.50 2.1041e-19
5795.00 2.1025e-19
5795.50 2.1019e-19
5796.00 2.1012e-19
5796.50 2.1006e-19
5797.00 2.0999e-19
5797.50 2.0993e-19
5798.00 2.0986e-19
5798.50 2.0980e-19
5799.00 2.0973e-19
5799.50 2.0966e-19
5800.00 2.0959e-19
5800.50 2.0951e-19
5801.00 2.0943e-19
5801.50 2.0945e-19
5802.00 2.0948e-19
5802.50 2.0940e-19
5803.00 2.0932e-19
5803.50 2.0924e-19
5804.00 2.0916e-19
5804.50 2.0908e-19
5805.00 2.0899e-19
5805.50 2.0901e-19
5806.00 2.0903e-19
5806.50 2.0895e-19
5807.00 2.0886e-19
5807.50 2.0888e-19
5808.00 2.0890e-19
5808.50 2.0881e-19
5809.00 2.0873e-19
5809.50 2.0875e-19
5810.00 2.0877e-19
5810.50 2.0879e-19
5811.00 2.0881e-19
5811.50 2.0872e-19
5812.00 2.0864e-19
5812.50 2.0866e-19
5813.00 2.0868e-19
5813.50 2.0870e-19
5814.00 2.0872e-19
5814.50 2.0874e-19
5815.00 2.0876e-19
5815.50 2.0879e-19
5816.00 2.0882e-19
5816.50 2.0885e-19
5817.00 2.0887e-19
5817.50 2.0891e-19
5818.00 2.0895e-19
5818.50 2.0898e-19
5819.00 2.0902e-19
5819.50 2.0906e-19
5820.00 2.0910e-19
5820.50 2.0914e-19
5821.00 2.0919e-19
5821.50 2.0924e-19
5822.00 2.0930e-19
5822.50 2.0936e-19
5823.00 2.0941e-19
5823.50 2.0948e-19
5824.00 2.0954e-19
5824.50 2.0961e-19
5825.00 2.0967e-19
5825.50 2.0974e-19
5826.00 2.0981e-19
5826.50 2.0990e-19
5827.00 2.0998e-19
5827.50 2.1007e-19
5828.00 2.1015e-19
5828.50 2.1025e-19
5829.00 2.1034e-19
5829.50 2.1045e-19
5830.00 2.1055e-19
5830.50 2.1067e-19
5831.00 2.1078e-19
5831.50 2.1090e-19
5832.00 2.1103e-19
5832.50 2.1115e-19
5833.00 2.1128e-19
5833.50 2.1141e-19
5834.00 2.1154e-19
5834.50 2.1169e-19
5835.00 2.1184e-19
5835.50 2.1199e-19
5836.00 2.1214e-19
5836.50 2.1230e-19
5837.00 2.1246e-19
5837.50 2.1263e-19
5838.00 2.1280e-19
5838.50 2.1299e-19
5839.00 2.1317e-19
5839.50 2.1336e-19
5840.00 2.1356e-19
5840.50 2.1377e-19
5841.00 2.1397e-19
5841.50 2.1419e-19
5842.00 2.1440e-19
5842.50 2.1463e-19
5843.00 2.1486e-19
5843.50 2.1510e-19
5844.00 2.1533e-19
5844.50 2.1558e-19
5845.00 2.1584e-19
5845.50 2.1609e-19
5846.00 2.1644e-19
5846.50 2.1678e-19
5847.00 2.1713e-19
5847.50 2.1750e-19
5848.00 2.1786e-19
5848.50 2.1823e-19
5849.00 2.1861e-19
5849.50 2.1898e-19
5850.00 2.1936e-19
5850.50 2.1976e-19
5851.00 2.2015e-19
5851.50 2.2055e-19
5852.00 2.2096e-19
5852.50 2.2137e-19
5853.00 2.2179e-19
5853.50 2.2222e-19
5854.00 2.2265e-19
5854.50 2.2309e-19
5855.00 2.2353e-19
5855.50 2.2398e-19
5856.00 2.2443e-19
5856.50 2.2489e-19
5857.00 2.2535e-19
5857.50 2.2532e-19
5858.00 2.2528e-19
5858.50 2.2526e-19
5859.00 2.2524e-19
5859.50 2.2523e-19
5860.00 2.2522e-19
5860.50 2.2522e-19
5861.00 2.2523e-19
5861.50 2.2526e-19
5862.00 2.2528e-19
5862.50 2.2532e-19
5863.00 2.2536e-19
5863.50 2.2543e-19
5864.00 2.2548e-19
5864.50 2.2557e-19
5865.00 2.2565e-19
5865.50 2.2576e-19
5866.00 2.2586e-19
5866.50 2.2599e-19
5867.00 2.2612e-19
5867.50 2.2627e-19
5868.00 2.2642e-19
5868.50 2.2658e-19
5869.00 2.2675e-19
5869.50 2.2693e-19
5870.00 2.2712e-19
5870.50 2.2733e-19
5871.00 2.2754e-19
5871.50 2.2776e-19
5872.00 2.2798e-19
5872.50 2.2822e-19
5873.00 2.2847e-19
5873.50 2.2875e-19
5874.00 2.2902e-19
5874.50 2.2933e-19
5875.00 2.2964e-19
5875.50 2.2998e-19
5876.00 2.3031e-19
5876.50 2.3068e-19
5877.00 2.3104e-19
5877.50 2.3144e-19
5878.00 2.3184e-19
5878.50 2.3226e-19
5879.00 2.3269e-19
5879.50 2.3314e-19
5880.00 2.3360e-19
5880.50 2.3409e-19
5881.00 2.3459e-19
5881.50 2.3511e-19
5882.00 2.3564e-19
5882.50 2.3619e-19
5883.00 2.3674e-19
5883.50 2.3732e-19
5884.00 2.3790e-19
5884.50 2.3833e-19
5885.00 2.3875e-19
5885.50 2.3920e-19
5886.00 2.3964e-19
5886.50 2.4011e-19
5887.00 2.4057e-19
5887.50 2.4106e-19
5888.00 2.4154e-19
5888.50 2.4204e-19
5889.00 2.4254e-19
5889.50 2.4304e-19
5890.00 2.4353e-19
5890.50 2.4403e-19
5891.00 2.4453e-19
5891.50 2.4502e-19
5892.00 2.4550e-19
5892.50 2.4598e-19
5893.00 2.4646e-19
5893.50 2.4768e-19
5894.00 2.4889e-19
5894.50 2.5010e-19
5895.00 2.5131e-19
5895.50 2.5253e-19
5896.00 2.5376e-19
5896.50 2.5499e-19
5897.00 2.5623e-19
5897.50 2.5746e-19
5898.00 2.5869e-19
5898.50 2.6025e-19
5899.00 2.6182e-19
5899.50 2.6338e-19
5900.00 2.6494e-19
5900.50 2.6650e-19
5901.00 2.6807e-19
5901.50 2.6964e-19
5902.00 2.7121e-19
5902.50 2.7277e-19
5903.00 2.7433e-19
5903.50 2.7589e-19
5904.00 2.7746e-19
5904.50 2.7902e-19
5905.00 2.8059e-19
5905.50 2.8213e-19
5906.00 2.8369e-19
5906.50 2.8523e-19
5907.00 2.8679e-19
5907.50 2.8834e-19
5908.00 2.8990e-19
5908.50 2.9146e-19
5909.00 2.9302e-19
5909.50 2.9459e-19
5910.00 2.9616e-19
5910.50 2.9773e-19
5911.00 2.9931e-19
5911.50 3.0088e-19
5912.00 3.0245e-19
5912.50 3.0403e-19
5913.00 3.0561e-19
5913.50 3.0720e-19
5914.00 3.0880e-19
5914.50 3.1043e-19
5915.00 3.1206e-19
5915.50 3.1374e-19
5916.00 3.1542e-19
5916.50 3.1715e-19
5917.00 3.1889e-19
5917.50 3.2069e-19
5918.00 3.2250e-19
5918.50 3.2440e-19
5919.00 3.2631e-19
5919.50 3.2791e-19
5920.00 3.2952e-19
5920.50 3.3121e-19
5921.00 3.3290e-19
5921.50 3.3472e-19
5922.00 3.3653e-19
5922.50 3.3850e-19
5923.00 3.4030e-19
5923.50 3.4223e-19
5924.00 3.4416e-19
5924.50 3.4625e-19
5925.00 3.4834e-19
5925.50 3.5044e-19
5926.00 3.5254e-19
5926.50 3.5501e-19
5927.00 3.5748e-19
5927.50 3.6016e-19
5928.00 3.6284e-19
5928.50 3.6574e-19
5929.00 3.6862e-19
5929.50 3.7179e-19
5930.00 3.7495e-19
5930.50 3.7837e-19
5931.00 3.8178e-19
5931.50 3.8549e-19
5932.00 3.8920e-19
5932.50 3.9321e-19
5933.00 3.9721e-19
5933.50 4.0152e-19
5934.00 4.0581e-19
5934.50 4.1042e-19
5935.00 4.1502e-19
5935.50 4.1993e-19
5936.00 4.2484e-19
5936.50 4.3013e-19
5937.00 4.3542e-19
5937.50 4.4129e-19
5938.00 4.4717e-19
5938.50 4.5320e-19
5939.00 4.5924e-19
5939.50 4.6561e-19
5940.00 4.7197e-19
5940.50 4.7873e-19
5941.00 4.8548e-19
5941.50 4.9311e-19
5942.00 5.0073e-19
5942.50 5.0848e-19
5943.00 5.1638e-19
5943.50 5.2480e-19
5944.00 5.3323e-19
5944.50 5.4237e-19
5945.00 5.5151e-19
5945.50 5.6083e-19
5946.00 5.7016e-19
5946.50 5.7995e-19
5947.00 5.8974e-19
5947.50 6.0001e-19
5948.00 6.1009e-19
5948.50 6.2038e-19
5949.00 6.3066e-19
5949.50 6.4149e-19
5950.00 6.5232e-19
5950.50 6.6395e-19
5951.00 6.7558e-19
5951.50 6.8764e-19
5952.00 6.9970e-19
5952.50 7.1219e-19
5953.00 7.2469e-19
5953.50 7.3760e-19
5954.00 7.5052e-19
5954.50 7.6379e-19
5955.00 7.7707e-19
